2202
9326
1034
8118
7365
7738
6220
1538
7994
465
7298
4364
5201
417
8871
151
6246
6916
476
8645
7175
8124
9059
3819
3585
4748
353
6819
9117
3046
4857
5451
9969
8319
4971
9627
6445
9651
7869
3978
6624
6015
8992
6140
1417
7192
1769
2683
8536
6444
6071
8024
7690
5055
9719
9473
2792
2763
8229
3719
3269
8842
8984
6627
8418
5634
9467
7523
94
8397
2118
8499
3367
920
5976
9084
8270
6774
7946
5846
5671
26
8823
8850
5426
459
2904
9576
1501
532
1155
7422
4608
4402
1794
5644
2744
2755
4472
5276
8135
7763
1871
388
6334
5626
6897
4234
3426
7073
342
3693
293
6510
2626
7302
8296
3615
8464
8584
6471
5264
4893
3476
778
5020
1159
2593
9955
622
9677
9344
8338
6193
3284
1623
3372
9395
7094
9690
8067
4851
282
6592
4610
297
2572
5370
9230
2215
4367
1580
8973
9901
8755
7939
8725
3845
1071
1388
2781
2729
8819
3490
4392
5444
6032
1867
4772
8009
2218
1709
5255
642
6230
6194
9352
9016
9273
4371
4843
9248
1873
7501
4542
4846
9855
1503
6776
9615
6898
1894
2743
6198
8896
4818
7816
5153
1641
447
173
9697
5247
7371
5133
1032
5200
7469
4098
3526
9669
5830
4245
3002
8874
3264
1334
4601
1465
3727
6398
5027
673
5190
5478
8917
9619
1509
3608
334
3994
9731
9718
163
4765
9680
5376
8344
2943
2451
2319
5008
4809
3388
2322
8938
521
9060
2919
4898
796
7319
7048
9000
8870
6484
4227
7960
6827
9349
1022
5816
2266
2270
6518
9242
6572
2821
1463
7963
123
2910
8663
5198
7182
5128
8112
7846
3688
6755
5521
4510
3596
1173
8384
2613
5109
4895
4909
9050
2707
7615
1393
2020
8421
2553
6992
8111
6292
2701
667
1482
4384
1372
2280
1344
7292
7093
6509
9580
7995
7066
1935
4842
4067
9165
66
9945
345
505
3969
4267
4477
5098
7314
2753
5849
8042
1996
9348
6280
1772
396
9328
217
8934
9951
2238
1232
6124
9382
7163
8242
5847
7247
7366
5738
4994
6544
9363
64
4549
8372
3259
7563
8470
6701
5003
7363
3234
8622
58
6377
6640
1110
8073
6669
9819
4428
9572
166
5726
4335
4976
2492
7571
9742
2780
744
4438
6924
1143
5820
1098
324
2690
1525
4519
4988
3423
5472
4409
1124
1227
8573
7667
4865
4420
3803
9193
2824
7924
5401
3643
4240
501
6597
4071
9322
7268
2428
4293
7527
2663
2272
2263
7221
5917
5076
1898
1118
1744
6505
5266
9767
1638
9970
569
8102
9401
4499
9419
2830
1561
3822
9613
7370
6192
3797
3863
4648
8963
6384
3472
5409
8132
1818
1292
7871
6278
6553
2623
2495
6346
8890
6218
2130
7584
9944
8798
997
8601
2113
1492
3115
453
4576
3145
6385
4022
987
2872
9204
5788
8817
3267
1149
1185
4122
9529
1495
8403
6067
1627
5124
544
2101
7309
8594
4097
1406
4946
6296
953
4277
5132
4265
6229
1920
4977
1542
6961
4021
8237
9573
9235
8345
7884
2126
7351
8521
8776
2573
3277
6068
6378
8538
5313
1596
5659
1063
8744
6842
4888
4468
8522
142
8621
1997
2438
5196
5367
1128
4582
5967
6235
4128
9123
9119
6065
6596
8719
3624
1848
821
1626
4354
3348
4288
1095
1193
9316
7080
358
9727
7974
3604
8088
9722
6971
7409
3094
7900
1192
8717
6238
6615
8357
6973
5765
8861
1967
4959
9893
5171
8897
8485
5043
7415
4947
158
6950
594
4613
301
1476
7609
6106
6365
7474
1909
7926
5809
2371
298
2820
6026
4705
6894
4484
7103
8051
6966
1498
2122
3378
2452
429
1692
4149
2552
1622
50
834
3577
6913
771
6876
1944
4348
4568
2934
9074
6386
4821
8321
8159
1734
2444
6331
3297
8532
6826
8794
8069
3517
5523
5684
925
4913
1651
3745
9255
4430
6745
9051
2134
8730
8346
4427
4585
7867
4376
3513
8172
6025
5545
2969
7392
8257
5342
8659
2213
3493
5167
1940
2296
1443
820
8947
3268
9407
5045
6919
5369
70
9380
3609
4591
9292
8494
1994
2285
2348
9623
8792
1268
1505
4915
5195
4413
8678
1284
2278
6543
6096
5388
8442
5273
4442
6639
1493
8647
7792
6452
4934
3595
8993
884
8332
2870
3942
3523
7121
4498
328
8686
6608
6120
1132
5950
499
5049
2167
9493
1219
2326
3544
7932
5497
2618
6647
9995
9310
159
2173
9213
7529
498
7078
4524
6692
7570
873
9043
7713
613
10
5838
8739
5840
7765
4017
665
5140
6921
913
6166
7226
3901
919
5596
2822
1634
4070
5499
5392
8680
7559
7720
6055
8072
9377
7219
1973
8000
4366
196
6163
6794
1786
430
1223
2998
7517
6178
8226
4727
2548
8596
4172
308
7610
6498
3742
6403
4088
6930
8901
3919
1247
6156
8407
663
3117
8259
7618
1952
793
6341
1470
1550
7847
9264
8495
8598
9822
7642
6809
5216
