3899
9710
8917
9895
7767
9517
1074
9923
7688
3840
3142
7805
2468
8572
6389
9685
509
4415
9745
6351
6995
6472
2198
1597
588
2228
8109
4227
7147
6901
9405
5750
6678
9573
5518
470
9926
2673
5348
8877
9371
9397
4376
4669
1040
7898
7922
1451
5638
1092
2471
330
1949
6190
5423
9026
4573
119
1772
9827
3234
6684
696
5568
5142
2267
6173
7544
8521
6328
4445
7065
3894
4934
7168
8539
4965
188
5159
6169
2184
5447
4570
8021
993
349
6049
4115
7477
4893
9711
5244
2907
5964
5123
9845
9759
4328
4922
6180
1719
442
9327
5080
8193
3647
5371
1590
1669
5276
5469
7184
2774
5517
3573
9313
4434
8678
9419
4565
5573
1402
9659
6903
4784
8494
4443
7614
6831
6878
6771
3270
7821
8359
7117
530
3727
9645
4703
1967
576
8394
7044
809
7882
8245
3917
326
8799
873
5593
7819
5765
3618
9893
2807
123
7988
9354
6559
819
4447
4068
4401
8515
7748
5294
30
899
2042
817
1121
1412
8445
8227
5176
2573
1176
6384
9102
58
6230
2926
6116
8870
6231
7072
870
6102
6854
9671
294
3583
4426
1173
4296
7605
2018
6168
1780
5217
9239
1690
7759
2352
3867
6369
8638
1505
9246
1627
5595
1988
418
7896
595
9235
8668
3905
1002
5313
9241
2957
1268
3967
2946
4096
6451
4144
6021
5740
9120
6853
6150
8198
3855
8473
7926
2559
6571
2447
1571
8159
8475
7259
3264
2402
8448
4848
6770
4378
5034
4393
3288
2823
9338
3913
5277
7907
2353
3372
7669
455
6558
3847
1135
9596
3107
4238
2253
3067
603
2781
738
3003
1408
1518
4329
592
5844
7148
6221
7961
3443
6405
8919
7088
1844
9813
8643
1588
8646
9647
6037
7380
4843
4352
5547
8613
8092
5770
976
4824
9280
2982
2451
2935
7443
9642
9172
2317
6884
9092
3063
7904
5120
1124
2970
9073
8899
6421
9604
4356
4438
877
7844
8270
4051
8434
5802
6609
7344
8872
9525
8160
2484
1633
1847
9247
9292
6827
2105
6528
3173
8645
4801
493
6673
6278
5177
5073
8669
9613
7932
495
3121
8059
8580
7546
3259
3170
8677
3472
608
9274
2501
2222
419
5897
8290
1276
8170
5565
9709
2202
1320
557
1038
3277
3620
7947
1788
6693
9493
6415
8146
6916
3415
8013
4992
7609
7498
7183
2959
611
8673
5924
6584
3668
45
2351
8747
2798
6615
8252
451
2757
979
368
6605
5208
539
838
3920
6608
642
3587
1545
3124
4765
7626
9447
8005
9594
9194
494
5521
5649
5195
930
7134
1465
60
1717
497
1484
313
9395
8242
600
7895
884
8352
5428
5571
7842
5760
4993
3017
6768
8315
6388
8967
5476
6600
6322
9434
5945
6795
3759
6338
701
2522
2813
377
7651
1508
5245
925
7372
7643
5468
28
3193
6543
1721
5546
7379
1326
3448
3944
2345
9407
3768
3606
6876
8273
5226
8770
2910
1297
394
3265
1406
7623
1784
5670
6601
7301
1818
7270
6217
3375
8834
5597
5672
3145
7939
1172
1098
8499
3509
4095
5744
5492
3869
7059
7193
1380
3570
5296
3391
3584
8778
6026
3132
6668
573
297
9570
2469
4822
9733
665
3192
3398
4522
617
2343
1694
7276
7272
1271
3369
4659
6145
6105
2644
7067
7768
8618
8882
3648
5894
4726
4673
6120
4873
8513
165
8698
2444
342
3342
5815
217
7084
5543
840
8946
1538
7374
9423
9348
9942
5563
722
7038
2223
6758
273
2765
744
280
7960
991
7538
9142
9868
8442
6080
2799
4813
2998
1209
1665
6688
7277
4188
7415
2545
5160
619
9127
3777
7520
4480
9819
1243
6084
552
7980
7338
3197
5102
2968
6498
621
5190
5201
4620
9780
9022
6839
6773
8114
9334
8623
4624
1137
7066
9701
4742
773
9201
7973
2363
2915
6515
140
6420
895
5096
9521
2143
2405
9772
7099
2979
4601
9617
4834
6285
3146
122
7838
4030
5807
7948
5133
5659
9021
7249
7604
8815
8817
5003
7247
9020
7476
6291
9473
4928
2752
5193
4357
9996
9082
2588
6610
9249
1516
7593
2398
5295
8297
5213
5873
9738
4699
4420
2988
2019
5588
4627
7123
4373
7421
8707
8659
8971
7235
845
1136
6840
6972
4772
973
3873
6292
1226
6007
8422
3517
8095
1928
6383
9301
195
4926
6096
8280
8968
6538
7197
8112
5299
3604
6078
8842
5254
7130
3226
484
466
8348
6198
2277
1923
2846
7058
460
6272
9722
9009
7745
4493
2294
6370
8384
9004
4702
9818
1369
1055
156
5315
9318
1543
3703
5288
3309
9251
8488
3923
1398
3805
5634
7471
3713
9347
4892
2178
5971
9559
982
7092
3178
1698
8213
3473
5168
618
8172
4046
6297
934
6576
6377
2911
9925
5663
4315
5574
1822
7245
2834
9284
4023
5977
2880
6956
2904
4945
7248
918
1288
295
2892
6376
8203
7952
5669
7916
1882
6868
9865
5265
5719
8688
7318
6142
8073
3328
1533
6721
4773
178
6930
5746
7845
6063
4094
