0.907152526576593,1
0.6475911627175098,1
0.7828248037212169,1
0.9136751421430689,1
0.937375089447822,1
0.9147795877552428,1
0.8994845920147295,1
0.933093521826498,1
0.9353929164524938,1
0.9287831798604214,1
0.9266505200121468,1
0.8735850943561084,1
0.8402085871975822,1
0.8516499216856208,1
0.8953819379198753,1
0.8255341641297474,1
0.8878976494675619,1
0.8943673210966956,1
0.87764537428958,1
0.8719583816547009,1
0.8798415216651408,1
0.747917812108606,1
0.8887918816348025,1
0.9219187145449629,1
0.8284635571176585,1
0.8891057618833719,1
0.9150788398701256,1
0.9202348425913492,1
0.9089343985265226,1
0.6890004409338313,1
0.9053072128823602,1
0.9191069573367924,1
0.8043113890696995,1
0.8460701783486521,1
0.9230380679250647,1
0.8090988644642418,1
0.9406147166610875,1
0.8711584574224034,1
0.9248487729195866,1
0.914433862297708,1
0.9377155207069474,1
0.9388610042708809,1
0.935351427684864,1
0.728811712847937,1
0.9334031999604798,1
0.6925834118336023,1
0.8874591735623949,1
0.9164914951843668,1
0.7972333171006664,1
0.8417554103434406,1
0.920142423819705,1
0.8023356163703654,1
0.9382223847536451,1
0.8653896655560759,1
0.9224412066956719,1
0.9117832688331011,1
0.935962491096616,1
0.936510927011751,1
0.6705522947110528,1
0.9333855972489893,1
0.7208312980734299,1
0.9308849578269662,1
0.6862539140766536,1
0.9062741724338472,1
0.7820339607063391,1
0.8183381318534099,1
0.9133776046696456,1
0.9365569996683253,1
0.855441084032211,1
0.9141990165142697,1
0.8988046634548886,1
0.9321871757379642,1
0.9346768251720605,1
0.9278815593004327,1
0.9259364467380976,1
0.8273859796487868,1
0.8680072211916864,1
0.8551694031368489,1
0.8482935780839354,1
0.8996964449397075,1
0.8594784265219068,1
0.8336396599879383,1
0.892143427362578,1
0.898469401596314,1
0.8831392180060985,1
0.8777682977240011,1
0.8141517535145802,1
0.9062540420907268,1
0.7771366168974686,1
0.912234428448106,1
0.9366503952456339,1
0.9143640119815221,1
0.8989553790902982,1
0.9326118565607048,1
0.9349148897099345,1
0.9280378282285614,1
0.9255699892658759,1
0.8812751895306383,1
0.7469547044872177,1
0.743463770635199,1
0.9218160512104155,1
0.8282567284589629,1
0.8911859067683645,1
0.8700732358323302,1
0.9157674080128372,1
0.9199999679730626,1
0.9094756581188994,1
0.6864415283913347,1
0.9061541622276423,1
0.8471318492454635,1
0.8730968090543005,1
0.8525474654530157,1
0.9138773440110202,1
0.8389469910242066,1
0.9186500541809882,1
0.9373880364217602,1
0.8617138901410153,1
0.9202642254363768,1
0.9088110452089369,1
0.9343820110808225,1
0.9356292352946566,1
0.6717597365214709,1
0.9313193178725989,1
0.9294598818515787,1
0.8800430712049234,1
0.8718929171399493,1
0.7399783548235712,1
0.8824655144747482,1
0.9170585240393542,1
0.8199085862861333,1
0.882595928278886,1
0.860184817661998,1
0.9106078553263378,1
0.9152702119624917,1
0.9030278204919192,1
0.6800753286370345,1
0.8995815164898305,1
0.8366396613059448,1
0.5956545893302271,1
0.5776663086095403,1
0.8951699532607256,1
0.8014167345451857,1
0.903551341584017,1
0.9300785066119905,1
0.8427824175372229,1
0.9045979169317852,1
0.8870967804239166,1
0.9251468450580953,1
0.9281710010426854,1
0.919998368293279,1
0.9173755609250595,1
0.860389335149408,1
0.9058200318265219,1
0.7815424016335569,1
0.906605938001672,1
0.8017313302683392,1
0.9301570394674255,1
0.8571173317488162,1
0.9111491142544142,1
0.8995263957992883,1
0.9265189269003854,1
0.9282851467768656,1
0.9245636722659096,1
0.921001682735144,1
0.8699545442735191,1
0.9096692563338453,1
0.6603907481908399,1
0.7927162370992809,1
0.8303801721094095,1
0.9114975957910109,1
0.8076474587096909,1
0.9304575759386527,1
0.8622111441066226,1
0.914542944704671,1
0.9047206407653862,1
0.9276585636092334,1
0.9284734108234322,1
0.926165308283656,1
0.7307094402097571,1
0.9234045514882924,1
0.6870140689478919,1
0.875878169693175,1
0.9138669983893164,1
0.7957431221252329,1
0.8343362399208619,1
0.9198311993698116,1
0.9394384336795534,1
0.8649115138269099,1
0.9206133962773745,1
0.9077733731386722,1
0.9358571424039492,1
0.9375930182767124,1
0.6637645210091563,1
0.9325494338174081,1
0.9307811551680504,1
0.6366544177940676,1
0.6811836980484709,1
0.8829310358815083,1
0.8864617228318492,1
0.8952637593613141,1
0.7519233214994816,1
0.926149150798671,1
0.8368264372604113,1
0.8958742794050518,1
0.8764297604211413,1
0.9198487492438642,1
0.9243352758186442,1
0.9141208161378079,1
0.910861876299967,1
0.8524548263649182,1
0.9006370098359968,1
0.7720368447820233,1
0.80779963805094,1
0.9077849352831011,1
0.7692651806750304,1
0.9325220591677199,1
0.85128125634964,1
0.9086436820737679,1
0.8920674809630997,1
0.9277205290896173,1
0.9306629579757377,1
0.9234020455297632,1
0.9210057857160435,1
0.8690911456807784,1
0.9087814601852873,1
0.7814329623086738,1
0.8214824855033884,1
0.9132159070103155,1
0.7868414745073214,1
0.9380635628109216,1
0.8534261372193304,1
0.9168300176435985,1
0.902926145040032,1
0.9337185610152771,1
0.9363806789180039,1
0.6449487401208084,1
0.9302306225664468,1
0.9276118903346305,1
0.8727255474464355,1
0.8687075793528228,1
0.8778139534231095,1
0.7291574916818121,1
0.9139015226617498,1
0.8161162253603598,1
0.8791458876374577,1
0.8561102128961426,1
0.907140582748661,1
0.9123020101862351,1
0.8997394837758871,1
0.895606194074853,1
0.8348580662185305,1
0.9053031283794293,1
0.636487600301709,1
0.9104859951047879,1
0.7798918270956432,1
0.9378827993553666,1
0.9129591097615611,1
0.8970022091104355,1
0.9332137119558768,1
0.9361303790203623,1
0.928834271861479,1
0.7103993943956994,1
0.9253713855304285,1
0.8693642482890928,1
0.6907980728590654,1
0.7737354689838498,1
0.8828611245207566,1
0.858592624930826,1
0.8696710581658421,1
0.8797617678219002,1
0.9151243230827012,1
0.8183908925329304,1
0.9081385599891357,1
0.913363086898669,1
0.9008926622481864,1
0.8971572013381726,1
0.8359334889996344,1
0.9130875285034125,1
0.8304568917503105,1
0.9184526012298313,1
0.9402901071442181,1
0.8624439583296529,1
0.9202183536972244,1
0.9067905138127509,1
0.936569789801725,1
0.9385843746923151,1
0.9328708114337888,1
0.7172850097315107,1
0.9306528629064311,1
0.8794215527553605,1
0.9109201640844471,1
0.6582557445452745,1
0.7940983402619167,1
0.8294891380008423,1
0.912409842196928,1
0.8122021719569062,1
0.9327646948784201,1
0.8661182770916704,1
0.9161733303140914,1
0.9050845436053849,1
0.9295413552443729,1
0.9307673609437496,1
0.9276989273360823,1
0.7369840771546101,1
0.9248019211508777,1
0.6867236162819369,1
0.8778139750252313,1
0.7307783123297222,1
0.7428697442653598,1
0.8207371078674279,1
0.8608213488267815,1
0.9020245527831884,1
0.8622723451288992,1
0.8943621004647686,1
0.9006456182819036,1
0.8853569202143917,1
0.6601326906017746,1
0.9062902978243388,1
0.7839551797630053,1
0.8198476691911916,1
0.9089969534230453,1
0.9323421936955866,1
0.8541663472264431,1
0.9126009428809572,1
0.9009127486452593,1
0.9284500108704562,1
0.9300996132930325,1
0.926075700607659,1
0.9227811780649781,1
0.6729563011626479,1
0.8707093729716114,1
0.8448038336231989,1
0.8554648979498014,1
0.8981288964963134,1
0.7946190164955604,1
0.8304840296062367,1
0.8897383964494219,1
0.8968042339877651,1
0.8808934975444482,1
0.8751812144106866,1
0.8117377794118866,1
0.8391081225642649,1
0.8856354627416441,1
0.860544208615406,1
0.8947412655936106,1
0.9031705372174211,1
0.7628280710097115,1
0.9314800710256697,1
0.8440400505504252,1
0.90406425975797,1
0.8862436099386004,1
0.9261945737678747,1
0.9296902411011599,1
0.9207220974509414,1
0.6996009577442451,1
0.9180281022655593,1
0.6484388808279689,1
0.859352911825866,1
0.8688219985496378,1
0.8787243642737919,1
0.9146483436690019,1
0.8169351348758858,1
0.8793765591967858,1
0.8570036966246456,1
0.9071457036031021,1
0.9127270751440386,1
0.900170072503706,1
0.8966223956033716,1
0.8339495762829113,1
0.7862068120807865,1
0.7545759847754572,1
0.9278404447436809,1
0.8352871448401095,1
0.8974921387457975,1
0.8775784065954452,1
0.9217525229256103,1
0.9259918360839723,1
0.915516974263137,1
0.6936460064106719,1
0.912318214659738,1
0.6370335430817119,1
0.9064487505801346,1
0.9106684123255189,1
0.9353841797522605,1
0.8500381306648971,1
0.9143279029090216,1
0.9006906979559344,1
0.9318582263714585,1
0.933162351837143,1
0.6407068092203565,1
0.9281649866646746,1
0.9245804955033206,1
0.8824013684291624,1
0.8909959508905942,1
0.9234061445090793,1
0.8928293232544038,1
0.8716979982239613,1
0.9178593606044139,1
0.9216985794999164,1
0.910897461466893,1
0.9077938288901657,1
0.8897220974096607,1
0.7574632634090298,1
0.8926839453955306,1
0.7743995207143698,1
0.9258733919620132,1
0.8433866231238797,1
0.8987077364983748,1
0.9209933791807079,1
0.9253235046981517,1
0.9161329493914873,1
0.9108377643830347,1
0.912294736109835,1
0.8308092810016134,1
0.9179189275863227,1
0.9387899821798203,1
0.8586259586358812,1
0.919539169809527,1
0.906535834957026,1
0.9353971321863259,1
0.9368454418165786,1
0.6589950117205837,1
0.9319538303082908,1
0.7117925680727595,1
0.9295317666897718,1
0.8772312227765549,1
0.8526777300087046,1
0.8632462914126819,1
0.9049401485586264,1
0.8032246110619837,1
0.8968297729685865,1
0.9035902478339616,1
0.8889496760515498,1
0.6336083360106387,1
0.7615206521579402,1
0.8982461307614488,1
0.7528113796088074,1
0.9271810515767142,1
0.8984613105675446,1
0.9212854149870409,1
0.9251006482714281,1
0.9155486812706766,1
0.9130523348200237,1
0.8547429881008501,1
0.8673304889312408,1
0.9063042899700249,1
0.8672732025016888,1
0.8431113906386316,1
0.8986108036471327,1
0.9045234070191261,1
0.8901726813842509,1
0.6668356426445559,1
0.8857837895605931,1
0.8214680651380555,1
0.8877982585852883,1
0.8701305545869434,1
0.8797877309018931,1
0.9156663629414562,1
0.8178672712050518,1
0.8813429142911398,1
0.8588025281984993,1
0.9089828908773647,1
0.9136904755610566,1
0.9012732909703004,1
0.8976698737364445,1
0.8913420351962198,1
0.7512528689737525,1
0.9259971209611243,1
0.8938094700901767,1
0.8734786321995325,1
0.9200586360592323,1
0.9244070865621966,1
0.913054701591428,1
0.9090136850456096,1
0.8771438926440511,1
0.8864780419849525,1
0.739390028042129,1
0.9206504051038222,1
0.8884397442273384,1
0.8668429882698361,1
0.9147366949912362,1
0.9187760842578436,1
0.9072844309900598,1
0.9037533066405109,1
0.9016097823127829,1
0.7771408027840164,1
0.8121899711990114,1
0.9090675252697883,1
0.9334622729370252,1
0.8523267714239037,1
0.9100680114483549,1
0.8939965585609865,1
0.9287583958738456,1
0.9315599181710306,1
0.924189779824929,1
0.9221876318773998,1
0.8696951168479582,1
0.8829496022810547,1
0.7496591440560556,1
0.781015178142778,1
0.8909227229876695,1
0.7467999133790871,1
0.9250316373980326,1
0.8289094497608248,1
0.8928346268391741,1
0.8721294288183056,1
0.9188039676210092,1
0.9234701209797317,1
0.9118996030851992,1
0.6873662581573585,1
0.9080805200970928,1
0.8472399024751185,1
0.8858812690966996,1
0.8911281065946348,1
0.7622098581805409,1
0.9258709159340426,1
0.920005690985005,1
0.9252132207003969,1
0.9145275483359933,1
0.9102050165659221,1
0.8467177375546999,1
0.8739107468216724,1
0.7620810499436602,1
0.8660442478947068,1
0.8736404990084708,1
0.8465103106143165,1
0.7784809421430382,1
0.911203815152656,1
0.7853959438088768,1
0.8275047940670502,1
0.9150293964225756,1
0.7930179677542424,1
0.9375606597448165,1
0.918212332261999,1
0.9053217591109719,1
0.9342472841683879,1
0.9356644992482114,1
0.9308516095862289,1
0.9280642557478131,1
0.9114301621401195,1
0.7860836861918292,1
0.8250569910325763,1
0.9155927250877453,1
0.7915611972613817,1
0.9391833420785675,1
0.8572748352561161,1
0.9183017839325932,1
0.9045768962995058,1
0.9359367129317336,1
0.9380123891811716,1
0.9317286229421669,1
0.9295538733980372,1
0.8750315347629934,1
0.9116502027504209,1
0.6644923033448858,1
0.8305959092732981,1
0.9181187114874267,1
0.9386907823214171,1
0.8624009746718135,1
0.9186677672389546,1
0.9052162027321417,1
0.934715438606679,1
0.9367422958219881,1
0.931247989144516,1
0.9294309586012919,1
0.8804781810636473,1
0.8164377053502094,1
0.8404143247401582,1
0.6973177802931965,1
0.8945304511229686,1
0.8933684909644418,1
0.8714743403123021,1
0.8056110938615723,1
0.8397299241049488,1
0.8943921273147476,1
0.852129365213919,1
0.8255442904727038,1
0.8868021808329942,1
0.893138516759768,1
0.8762907060694696,1
0.8709815040936557,1
0.9061421265106482,1
0.7838647556007952,1
0.8195673162814135,1
0.9066112374079613,1
0.805510395066715,1
0.9302801140231343,1
0.860410758559598,1
0.9114003627891839,1
0.89975862253974,1
0.9265733089989328,1
0.9286262257834812,1
0.9246521693351989,1
0.9209413927768989,1
0.6736229675086197,1
0.8710900349899715,1
0.9097990334489487,1
0.9133602074186048,1
0.7975173379805526,1
0.939541871187029,1
0.862576381549032,1
0.9165621838778976,1
0.902206848100404,1
0.9348062898734932,1
0.9378122412271814,1
0.931514461841074,1
0.7251245066069726,1
0.9280976416594588,1
0.8754011716027174,1
0.8155311481641386,1
0.8758160388337383,1
0.8755593608968166,1
0.781293657075135,1
0.8778899017390418,1
0.7436404584827144,1
0.8865002439499334,1
0.9205154825013757,1
0.888056167802398,1
0.8666800051649624,1
0.9141338205300212,1
0.9187331917426274,1
0.9074930843931256,1
0.6823753189443891,1
0.9038157721509306,1
0.5669169021014747,1
0.8418552704728198,1
0.8622955553202526,1
0.9123163937014792,1
0.8218706839991878,1
0.9153262335319535,1
0.9392469147063249,1
0.859767379827379,1
0.9182803220535831,1
0.9045875912596248,1
0.9365230928454158,1
0.938550696553646,1
0.638460220133354,1
0.9323362954148654,1
0.9298734360396678,1
0.8764461093028699,1
0.8454229703221375,1
0.8568656847696279,1
0.8991464930340181,1
0.7938364011660706,1
0.857609400734551,1
0.8320748911240378,1
0.8912150566907385,1
0.8976116746933531,1
0.6554743679723484,1
0.8768732352679001,1
0.8901327296446682,1
0.7938090303235079,1
0.8986611511361619,1
0.7558725268090394,1
0.927087291045226,1
0.838550357342016,1
0.8999366117700244,1
0.881026352600981,1
0.9217895218172595,1
0.9253551956235099,1
0.9161419161166071,1
0.913377019216706,1
0.6188420315072881,1
0.8556795246528411,1
0.9010294066493193,1
0.8050146105361715,1
0.9062106271809851,1
0.9358770674241131,1
0.8483471489780019,1
0.9093519405217727,1
0.8923488246244168,1
0.9309187373689374,1
0.934653343779243,1
0.9262293194127291,1
0.9219291185162491,1
0.865367729072365,1
0.8812634045956053,1
0.8882620678728391,1
0.9249710813923758,1
0.8339898525850901,1
0.9178756842246016,1
0.9235292275666827,1
0.9116717690393645,1
0.8455551854328314,1
0.8737113949111371,1
0.8732809350158116,1
0.7770746267502059,1
0.8803470892980999,1
0.746914477803976,1
0.7804745227617709,1
0.88948049744798,1
0.923041097655531,1
0.8912274275375739,1
0.8706221062623071,1
0.9169327101605654,1
0.9211567645827791,1
0.9098052197344587,1
0.6828081970008946,1
0.6398824288337468,1
0.885663431814856,1
0.7859524885956534,1
0.8901259990374447,1
0.7677476130834922,1
0.9213969341181667,1
0.8943154536569133,1
0.8758091787821066,1
0.9176467720807242,1
0.9205714040484525,1
0.9126953363949881,1
0.9071120685596001,1
0.8889321038239172,1
0.8442181323332877,1
0.881121365445543,1
0.8875034032402461,1
0.8696323930570838,1
0.8643118250550812,1
0.8798142018830474,1
0.9175151218124795,1
0.820759891233926,1
0.9160222074352463,1
0.9031829209814335,1
0.6793750545990638,1
0.8986712975075599,1
0.8670184286403699,1
0.9092929768337911,1
0.9017977248506724,1
0.9078236369307826,1
0.8930946302964871,1
0.8877512665182251,1
0.9058789907922429,1
0.8130916094589915,1
0.9123854217647123,1
0.7807763554686931,1
0.9371866863843867,1
0.8543563438614479,1
0.9135983090136102,1
0.8976244410247519,1
0.9324893587257042,1
0.9350433623783414,1
0.9283677958302374,1
0.7103716547002847,1
0.9261507612022509,1
0.8719840834100183,1
0.9176920473198039,1
0.6729184622607765,1
0.804716667437893,1
0.8422162021226299,1
0.9199973623783377,1
0.8176249707193416,1
0.9375402753376076,1
0.8722813537772528,1
0.9223234973248584,1
0.912941553392278,1
0.9346022463701005,1
0.9354532141125655,1
0.6544944950735848,1
0.9331699741366286,1
0.9310176353243084,1
0.6335332052636963,1
0.697916065240555,1
0.8863305212712297,1
0.8512617742725432,1
0.9023148355895507,1
0.8627021214921535,1
0.8373327768146016,1
0.8946576827778161,1
0.900799787949587,1
0.8857598370057388,1
0.6608243044391209,1
0.8812293480696598,1
0.817235895527419,1
0.8993231947153494,1
0.9074735739775281,1
0.7693848518018893,1
0.9343067608558903,1
0.8464700035112958,1
0.9082376194496743,1
0.8912402937574913,1
0.9292509916288189,1
0.9323210777292996,1
0.9244659346218613,1
0.9216473913339372,1
0.8699324678561652,1
0.9084770737666887,1
0.8060722570441744,1
0.8714356234527546,1
0.9013629870782228,1
0.9065835659197187,1
0.8929694781660842,1
0.8887790572802104,1
0.8232731591567364,1
0.9139197857851782,1
0.8349244563321623,1
0.9187183065257972,1
0.795756536083798,1
0.9394389565681457,1
0.8613141453644686,1
0.9208714639332705,1
0.9081794788574747,1
0.9360978120853636,1
0.9377377326935822,1
0.6666723057686907,1
0.9325955520500625,1
0.9304801815049456,1
0.8790476665884284,1
0.9129100652931078,1
0.6600769911745945,1
0.7931852900594673,1
0.8365783568796593,1
0.9186549702006338,1
0.7926841793807133,1
0.9379670827016745,1
0.8609328938391708,1
0.919636227522285,1
0.9072535368616603,1
0.9346644363837477,1
0.9361463246740553,1
0.9312575520925421,1
0.9295122662546764,1
0.8795783240845727,1
0.8017069963079984,0
0.6411234213403542,0
0.6602885612545516,0
0.5842876978317303,0
0.6188214419999335,0
0.6808901172717667,0
0.6601883675097071,0
0.5468398973878162,0
0.6240674693824361,0
0.6372102341366513,0
0.6156670137053363,0
0.8240743503700425,0
0.5451502060278745,0
0.7447758276215091,0
0.5951347458789042,0
0.5381248258763804,0
0.5516448352366831,0
0.817241859288013,0
0.6319295681445353,0
0.6431389928621067,0
0.8039242305763997,0
0.7665133785206542,0
0.6593754375400468,0
0.6297124791636738,0
0.81265119428906,0
0.6253446179211665,0
0.8249691011345777,0
0.6906920131765419,0
0.7123444943287823,0
0.6766023938480432,0
0.754061792506328,0
0.6992428507656548,0
0.6928799112907493,0
0.6965163750965623,0
0.5701024525112834,0
0.8093819307670327,0
0.6084422032105372,0
0.6738094299381566,0
0.6374970826720785,0
0.781734005152806,0
0.8027600710635849,0
0.7332352100328349,0
0.7441099855163535,0
0.7181515861276742,0
0.5784451407018304,0
0.6129901301005295,0
0.7112628790769536,0
0.8332761195937222,0
0.8406566494217549,0
0.6458759878567042,0
0.7105636006189975,0
0.7999104079427912,0
0.737129877647404,0
0.7376622595355781,0
0.5945804902873992,0
0.6789457112948702,0
0.6163434922770722,0
0.5970904595687956,0
0.7872448401467452,0
0.674190849923185,0
0.6072065213583994,0
0.7427729236298242,0
0.75967226079551,0
0.6809918981526526,0
0.643035288328307,0
0.7584306699353333,0
0.7515847594953976,0
0.5962466832861968,0
0.7459103793528996,0
0.7377025404162174,0
0.7166443982306605,0
0.7955274201585116,0
0.7570490194561988,0
0.6916991890221186,0
0.6776126405235235,0
0.6823541424160596,0
0.5970381509072812,0
0.8445725440727508,0
0.6007102693052875,0
0.5656889735745239,0
0.7097947668223086,0
0.6283316065152301,0
0.6969806794512148,0
0.8335515517624047,0
0.635314626473741,0
0.6451261933464004,0
0.7985175083716146,0
0.6219111720230789,0
0.552320047433792,0
0.7529277907670588,0
0.7966369524693291,0
0.7084877021520528,0
0.8829850245632392,0
0.7756762438218424,0
0.6162458340538689,0
0.7234484427797581,0
0.623023354316597,0
0.7266885189366873,0
0.6475600687043689,0
0.6195950661334458,0
0.8439106571215572,0
0.6422300648454724,0
0.730741342650589,0
0.6698267898929141,0
0.6318999762653541,0
0.6760439826093236,0
0.6829370182716841,0
0.7660953300503088,0
0.7240407795720739,0
0.5303149555497482,0
0.6821144544466341,0
0.6925511506926525,0
0.6687742681319581,0
0.8334052918114505,0
0.6391625351640503,0
0.6821233865285662,0
0.6689722599820214,0
0.6156992156082067,0
0.8359033682139897,0
0.75199212788542,0
0.670331435404934,0
0.8698832026860839,0
0.7566095017512524,0
0.6447854088327146,0
0.8067206706659674,0
0.5509584644792302,0
0.7427921017058917,0
0.6574701096563386,0
0.775157610382424,0
0.590706324116052,0
0.6989996775662926,0
0.6883593879321305,0
0.6007020381126219,0
0.6693386299752163,0
0.7421560591552402,0
0.6663549845019735,0
0.7209060301758333,0
0.5255000354551335,0
0.6356712559936453,0
0.6571571065059976,0
0.7335162509422478,0
0.5490004699164881,0
0.8546366714165448,0
0.7130442598115901,0
0.8619555662358112,0
0.6717227352554547,0
0.7019607368338555,0
0.598108346702244,0
0.6873763945264776,0
0.7460334696401122,0
0.5870225073735448,0
0.7963659123191339,0
0.6567846241485644,0
0.704886016744866,0
0.7947814037213844,0
0.882374538411934,0
0.7787696965891598,0
0.6897439044368717,0
0.6622276982220101,0
0.6022501794831532,0
0.8837985806550238,0
0.8483428991676844,0
0.7360903431402017,0
0.7149664590984007,0
0.744608988333359,0
0.6833927175204991,0
0.7756001601596678,0
0.7722953495878497,0
0.7234733172365778,0
0.6683722155489309,0
0.7097674372163499,0
0.7720988400178703,0
0.6917662813573734,0
0.7377067617215438,0
0.6635699841932119,0
0.6676685201933665,0
0.7471202355272237,0
0.867266101508689,0
0.5470458244548113,0
0.5399260714665257,0
0.6814414265329467,0
0.5738360257208449,0
0.7076622399847291,0
0.6094829551242102,0
0.7535182965729056,0
0.6698575716862618,0
0.8050363610463633,0
0.7019144224843554,0
0.6982021264342694,0
0.7035803844475185,0
0.6453499854352034,0
0.677103499205902,0
0.6271979889817737,0
0.6309346509451842,0
0.5754727295823371,0
0.6262432046382145,0
0.8696347379555016,0
0.7936760715202734,0
0.8415469662435124,0
0.5963087842024583,0
0.5410351922468604,0
0.6314096714572162,0
0.6172217583891563,0
0.5467420610860156,0
0.8685495598378704,0
0.7951214420179137,0
0.8016233899536671,0
0.7320792803403678,0
0.6811120798570942,0
0.6818058085444693,0
0.7152382932047113,0
0.6779503754551371,0
0.6706494500903527,0
0.7691151684996519,0
0.8005389747441359,0
0.9000703067721461,0
0.7760290409621741,0
0.6167223758756063,0
0.7601193301983745,0
0.8060960075805282,0
0.5670705206125559,0
0.7176530484720457,0
0.6323936347995988,0
0.6830631201978641,0
0.7747942545102975,0
0.7330188016135819,0
0.6679203519950774,0
0.6466868456069585,0
0.797048454317925,0
0.6973868468106345,0
0.6678009465283974,0
0.8690115422977073,0
0.6030977894607275,0
0.5411398831748367,0
0.7356615631420982,0
0.7004118095523253,0
0.6961128381385769,0
0.6221438448077427,0
0.6351545953706316,0
0.6523914592096965,0
0.6671458033802841,0
0.8411130407947425,0
0.6823553186892312,0
0.5814568098290037,0
0.6697349425318267,0
0.6269042841080503,0
0.6611091433477461,0
0.8452861805775708,0
0.5648192156788805,0
0.7231210613435559,0
0.6737995000785133,0
0.5902982876201607,0
0.6654978506467141,0
0.8394055376441373,0
0.5603368280242813,0
0.7678555343669445,0
0.8031503951530531,0
0.823684585366934,0
0.6799020858062446,0
0.8642457799570317,0
0.7307568214988934,0
0.8253423168891127,0
0.8358790983233455,0
0.5395295757271014,0
0.632697942554445,0
0.6300835723152252,0
0.6358335535060067,0
0.6608532577038212,0
0.6918464922297206,0
0.5770143715031,0
0.7039676909752118,0
0.7717278677000389,0
0.671562062894232,0
0.6115006884934143,0
0.7535706495318679,0
0.7470809380903701,0
0.8642832477570386,0
0.6708158704231867,0
0.6507016510540311,0
0.767025093339154,0
0.6587487485699101,0
0.8803741654499501,0
0.5731006842378439,0
0.6399223878955359,0
0.7798843040241987,0
0.6830759415309015,0
0.7428726862207129,0
0.713656735832065,0
0.7806859461077785,0
0.8583430459858492,0
0.8643756201485641,0
0.628320207480511,0
0.6384021231319519,0
0.6710382808431099,0
0.6127154443586998,0
0.8149709269526045,0
0.7153161696277677,0
0.8560224062115596,0
0.648580284563488,0
0.6653069546295659,0
0.7078562966333114,0
0.8206799640478855,0
0.7581877917947566,0
0.7630496724613464,0
0.7700541645351747,0
0.7327594305990993,0
0.6952760009683232,0
0.6375807010652096,0
0.6776318413254127,0
0.7567153607569462,0
0.5692725026350346,0
0.8226135005661376,0
0.8563559685468034,0
0.7251539661515468,0
0.758039780442873,0
0.7396834053565199,0
0.8182019926014874,0
0.5859377724496799,0
0.5885842809811471,0
0.7640171464744474,0
0.7208424347548845,0
0.724556878670499,0
0.7500143196989195,0
0.6353096374676052,0
0.8529598057936195,0
0.7499945856798534,0
0.7730434362762535,0
0.7651680094421781,0
0.7353147344283942,0
0.648847943363872,0
0.7085656820291688,0
0.7118979273406061,0
0.710065374869139,0
0.806864278819498,0
0.7599472060313177,0
0.7243373586018103,0
0.6466646945638325,0
0.650389456157325,0
0.8295897063987453,0
0.7537849883723658,0
0.7499091272515905,0
0.5777126411929837,0
0.5932057961609797,0
0.5845266419707524,0
0.6745706606727772,0
0.8081559822083704,0
0.6177008106093129,0
0.721860936255192,0
0.7229395129399092,0
0.6119740259594342,0
0.8248108757289004,0
0.8842404714517834,0
0.6691882477622522,0
0.6608679692607756,0
0.5908763866011513,0
0.5222464316006751,0
0.6839614130165642,0
0.7180435697362711,0
0.5320052426232215,0
0.7821260680727435,0
0.7370423830564549,0
0.7966875271909784,0
0.7031854773195017,0
0.6303465247897652,0
0.8279746512493551,0
0.6612333250229574,0
0.7104775096623641,0
0.620615144775597,0
0.7087678097180172,0
0.758744006036694,0
0.8340166355607033,0
0.6216675663403397,0
0.8263680023496726,0
0.6756273088727505,0
0.7632697024584799,0
0.616200079327867,0
0.6193888356190732,0
0.6824197078396809,0
0.7496883612928056,0
0.5623336523025833,0
0.7475689237528172,0
0.5797866538434248,0
0.5202043902706296,0
0.6104733982528441,0
0.8052461443204892,0
0.6456189828254953,0
0.7827253313991164,0
0.6268027622638906,0
0.6729603675961041,0
0.6791329478019581,0
0.7186695692548669,0
0.7423497699517931,0
0.8017637385251212,0
0.7536801835172291,0
0.7007368050394556,0
0.7523246958441152,0
0.6344880221097164,0
0.6327979750483771,0
0.7615381673217775,0
0.7630845611299096,0
0.8593319569004139,0
0.8442548405863985,0
0.6066870107146756,0
0.7227991957544796,0
0.7430936409038463,0
0.6413956334128093,0
0.6736971393002082,0
0.7096722657444425,0
0.6222672963200763,0
0.6564749598187781,0
0.7605036464743791,0
0.7146785836120483,0
0.7163866018008155,0
0.6774316669798303,0
0.5906630959681984,0
0.5532685748925191,0
0.6400697331136895,0
0.7096135033615021,0
0.6271178076194552,0
0.6398914978386248,0
0.6234261688931529,0
0.7263852964806026,0
0.7175606062968855,0
0.863777762078664,0
0.7035487549600438,0
0.5505825614690877,0
0.6386123459545717,0
0.6337687522527118,0
0.672708846539443,0
0.6102512391535238,0
0.8464340120709606,0
0.6503597189023747,0
0.7975514097321642,0
0.8476030751479561,0
0.6306690415842191,0
0.6246631356811669,0
0.5142445706188884,0
0.7044426400727325,0
0.6562982298504563,0
0.6345848664128056,0
0.6342137391721397,0
0.6503462122799869,0
0.6509084401624071,0
0.6376461844911828,0
0.6921176146824443,0
0.8043860599448265,0
0.6459677614289209,0
0.7686710358066122,0
0.6281472616313544,0
0.7272447524038554,0
0.7457972903543502,0
0.6856566898566397,0
0.6835720136638728,0
0.5659429433018195,0
0.6398334623225249,0
0.7140536906335146,0
0.7902989499856329,0
0.7818787716205653,0
0.6388212211709524,0
0.6405521745616248,0
0.5568924896857217,0
0.7003251380010743,0
0.6682756367359282,0
0.7008295582079331,0
0.6747467442893611,0
0.7013227028419815,0
0.5465549777344434,0
0.602549219701396,0
0.8257462740001671,0
0.7368693430916095,0
0.837250948405509,0
0.7223325944167379,0
0.8623089242818242,0
0.6883471150097493,0
0.7730274732071596,0
0.6429157589302879,0
0.7773918809079832,0
0.7777694826029306,0
0.7223629402476016,0
0.801896284419775,0
0.6117065174486115,0
0.7461883816947399,0
0.7578738354109762,0
0.6768958619790889,0
0.8654393912008753,0
0.5790197248861668,0
0.6758118644116755,0
0.6390749070055947,0
0.7037468071673851,0
0.7209432205896642,0
0.8553465737870815,0
0.6886779708343675,0
0.5954884360291613,0
0.7747936729428643,0
0.8078037069824011,0
0.803074775192193,0
0.7148222065125611,0
0.8152013108418543,0
0.6465656396327238,0
0.8053047907046176,0
0.5996442469001836,0
0.8733103347538029,0
0.7297502767901981,0
0.8376779946369974,0
0.7264276630623323,0
0.7907999453125545,0
0.5790435926307153,0
0.7759121045354399,0
0.6642138729718015,0
0.5297845257494536,0
0.6975078148593706,0
0.6374222083355363,0
0.6640164553448055,0
0.7772047543570971,0
0.7119428655924005,0
0.7269819482699047,0
0.5279614532923016,0
0.6034289261573598,0
0.6871313852401477,0
0.7720628950982713,0
0.6516569851302141,0
0.5725012868110826,0
0.6238925609547581,0
0.7088887910896455,0
0.6453358215343307,0
0.7087003631785413,0
0.7158872974989372,0
0.7256979975229764,0
0.7426560080571165,0
0.5988375494520807,0
0.6254210411411667,0
0.692836363614181,0
0.6956820248275843,0
0.7595468919800626,0
0.6262866095853066,0
0.7879717344817622,0
0.7945829175263794,0
0.6287911425193985,0
0.6640091771180489,0
0.740497433073829,0
0.6474398901673261,0
0.6891305984974647,0
0.7513294413226657,0
0.7103380108864421,0
0.7235311831241211,0
0.5450217394967187,0
0.7917966323338942,0
0.6914774140831931,0
0.6944637655297344,0
0.5913503853066904,0
0.5793024625804761,0
0.8711403570250915,0
0.7372677109896619,0
0.9179242089858892,0
0.6769534815614224,0
0.8061640472540089,0
0.7954523918774744,0
0.6790385027512842,0
0.5948284797460961,0
0.5805897351494836,0
0.7498760737211829,0
0.6570503908964441,0
0.8845480518944682,0
0.6032675023835534,0
0.7303031702392085,0
0.539580216089646,0
0.6658002947832163,0
0.8394181921834718,0
0.5576181661279339,0
0.6306302754488053,0
0.8808606468602552,0
0.6846929973304817,0
0.6358840911400468,0
0.6794136247544359,0
0.6415722577943561,0
0.5925552423651206,0
0.8167183389348759,0
0.6124970884172009,0
0.7310869081488514,0
0.6988676735460574,0
0.8130343666858091,0
0.8227219636978397,0
0.7426181487227528,0
0.6033749530459513,0
0.5667631071170702,0
0.6167970730800149,0
0.618565173303577,0
0.8479560129675583,0
0.7014580103274416,0
0.8933492433103504,0
0.7481011461040791,0
0.5801982114086687,0
0.6220828758037511,0
0.6729710514939162,0
0.6337724840533491,0
0.6207775290286572,0
0.5677701475843071,0
0.756954559731594,0
0.6831055098427007,0
0.7008649949654888,0
0.7163460833585166,0
0.6596155342688235,0
0.8542779969790081,0
0.6289861100862366,0
0.7167560538776467,0
0.7390170807746425,0
0.7812643257406556,0
0.8254895843438471,0
0.6835496330974059,0
0.8528566711289163,0
0.7823216458605696,0
0.7042345600752692,0
0.78385002952935,0
0.7580510152120449,0
0.6920610106766109,0
0.5283020251937978,0
0.6659980010664618,0
0.6377695224345254,0
0.6480040969165376,0
0.5973827383731828,0
0.7228613365396725,0
0.6878289322875089,0
0.8207461681476728,0
0.886915007755654,0
0.6076819237754174,0
0.6713796376135733,0
0.6385509888725218,0
0.7741655574018973,0
0.6285513404175509,0
0.8518028349505758,0
0.691089321465158,0
0.7364297634193642,0
0.5501676360867024,0
0.6826771005819119,0
0.7013817670753216,0
0.6403051286098013,0
0.6345596015719611,0
0.7446104162542189,0
0.8145742451549093,0
0.6768739707387398,0
0.6286264096679396,0
0.6742380321356067,0
0.6760909259012217,0
0.6924990132594646,0
0.6976295646589282,0
0.5811606246528392,0
0.7473533538250707,0
0.6602424043362579,0
0.6450744920379521,0
0.6908071547277582,0
0.7960474660844297,0
0.6805113942334811,0
0.6716531604309305,0
0.5746752467830093,0
0.6032370612032537,0
0.8236808819588266,0
0.5882634936482659,0
0.6436644938936845,0
0.7096559514464075,0
0.8166860923429139,0
0.7395389823235949,0
0.7721482273012098,0
0.6681784881960562,0
0.6870437233355913,0
0.6988204039267921,0
0.6833652195301121,0
0.6512672541451316,0
0.7608232723613715,0
0.6992879992191992,0
0.6757318085704724,0
0.6092792769497121,0
0.8183068587557458,0
0.559058511546745,0
0.5597838618483256,0
0.6515448231828603,0
0.5281916751674808,0
0.671527358855152,0
0.6141185113673225,0
0.844863472385397,0
0.7555818697902199,0
0.5913910712603061,0
0.7471926387090266,0
0.8812197793346029,0
0.6243654053005179,0
0.6321361687435153,0
0.718438539826385,0
0.7352226544237499,0
0.6839984809537911,0
0.7636556057154802,0
0.5955331020427245,0
0.6393948420684192,0
0.7639119578263491,0
0.7770415471019153,0
0.7921944427006025,0
0.7214688800386907,0
0.5916457397689352,0
0.6967732417777952,0
0.7590513698194343,0
0.5503168549938482,0
0.6284537500759455,0
0.8557290196989802,0
0.6685632196847612,0
0.6995885582892106,0
0.7761519565857695,0
0.7847637572160203,0
0.7576614050647221,0
0.5377293050849421,0
0.7108562298438499,0
0.660134094684829,0
0.8342592386911233,0
0.6723525674126566,0
0.7613532729018866,0
0.5726954415345067,0
0.576046868557794,0
0.6087685370612715,0
0.7761079625410479,0
0.9103509836037496,0
0.846557922291724,0
0.5144710761541491,0
0.7604538209859241,0
0.8165931333579143,0
0.8422693048199025,0
0.8173423072134498,0
0.7754980545467032,0
0.7165912437505961,0
0.7419786261514703,0
0.6377013654318481,0
0.725120034912765,0
0.7934157485006023,0
0.6357506383890084,0
0.7233390011272154,0
0.5764556617369343,0
0.6356421510643242,0
0.8328581350964592,0
0.6249811604693551,0
0.7120829514023572,0
0.5819946483739488,0
0.8580899687330341,0
0.6421142545857684,0
0.7729002031132124,0
0.8535547755577692,0
0.7163041258417924,0
0.5837004234147455,0
0.6878874409594149,0
0.7185467147980367,0
0.6393548124509674,0
0.5561155306091562,0
0.8670781049244303,0
0.5500763131069738,0
0.8167784142798628,0
0.6315192261997098,0
0.7320724542670148,0
0.7686107875357313,0
0.7015139848101171,0
0.6677552156086536,0
0.5432543406181805,0
0.6873332382994144,0
0.870129085087499,0
0.6338950969704402,0
0.6277019036474449,0
0.7440575588701301,0
0.7289359039367946,0
0.673159639897413,0
0.6389321559032644,0
0.6802855143181924,0
0.8390139997136045,0
0.755296104692857,0
0.7365999207855544,0
0.6758727844988457,0
0.6299269161902952,0
0.8147060751803015,0
0.6982721493417797,0
0.6702587333696689,0
0.6541580143593312,0
0.6189106966145363,0
0.8292582883156557,0
0.816120174300531,0
0.6497927189305577,0
0.5906576400888406,0
0.7414505943991828,0
0.8573751867344804,0
0.6877337347590782,0
0.7014294004890766,0
0.5477615392713631,0
0.6696834624107819,0
0.787546268447763,0
0.5257921883729243,0
0.7521846987210244,0
0.6744520363156162,0
0.6844031614383641,0
0.7443595831370416,0
0.8522011310134883,0
0.7962106555836709,0
0.6709521501544273,0
0.7610824141679242,0
0.7270462163268966,0
0.6793644855894384,0
0.7994796148701154,0
0.6608311724199643,0
0.6727051575317888,0
0.660285719212992,0
0.8898425883937295,0
0.7994952207406841,0
0.6221451594660833,0
0.6787069689976732,0
0.6955077590979574,0
0.580486516536176,0
0.7397569178693127,0
0.687793566177394,0
0.8248007282563208,0
0.6796272160228277,0
0.7899672818051731,0
0.6970488623947426,0
0.8480092937729599,0
0.5414533314462422,0
0.6630733039831849,0
0.6216109204321353,0
0.6395580045821301,0
0.7408810094441853,0
0.8297800222122234,0
