0.5912490603715752,1
0.9002213843505112,1
0.7574883903591426,1
0.9283454816067517,1
0.9223064971266998,1
0.9276245220375142,1
0.9196903460202006,1
0.915619668025958,1
0.819342371322222,1
0.8632708015932152,1
0.8633747495176646,1
0.6056349808581387,1
0.8735487664534605,1
0.7231767081048808,1
0.912357005352671,1
0.8801044805671723,1
0.858676546141737,1
0.9061215729678237,1
0.9110429862028827,1
0.5666956961499222,1
0.9014220578530883,1
0.8988130726879121,1
0.8328907507618921,1
0.9103171034446881,1
0.6245605929488194,1
0.7733859407128671,1
0.8000823029273421,1
0.9134593340446615,1
0.7937472401087731,1
0.9334283317214419,1
0.8614845639690107,1
0.9126897407333455,1
0.9003271018591309,1
0.9298531134918436,1
0.9319573153351873,1
0.9283167032456496,1
0.925240806209051,1
0.6435258411029908,1
0.8718316957018221,1
0.8660986118452,1
0.8194935776473622,1
0.8590446648091535,1
0.8662796598415519,1
0.8455378591656443,1
0.771449466164429,1
0.700662127911027,1
0.716265665244873,1
0.8655708970703531,1
0.9003631594678829,1
0.7971322625552512,1
0.8635883396688248,1
0.8395088432444465,1
0.8934087325880777,1
0.8992529663708793,1
0.8875049642260291,1
0.6469581121774387,1
0.8852157378110193,1
0.5605776912686944,1
0.874632595811877,1
0.8742471531631667,1
0.8585308706682777,1
0.7824051448015865,1
0.9110135142799732,1
0.7744681483799278,1
0.806748440913065,1
0.9149571380207676,1
0.7850597909061742,1
0.9335119540938697,1
0.8597830505064958,1
0.9143563458223161,1
0.9022619262402777,1
0.9301194840960322,1
0.9320707843396884,1
0.6197550794781289,1
0.9282256791970146,1
0.7045922726525088,1
0.926071075516702,1
0.8741753501924254,1
0.9126036846202842,1
0.6305079881799007,1
0.7802263644059748,1
0.815372830875522,1
0.9161491592689472,1
0.7911256133259524,1
0.9329207873455463,1
0.8614611253628363,1
0.9159397754754426,1
0.9051838701551965,1
0.9300770499388404,1
0.9313787637016282,1
0.9284564867054476,1
0.9263597870133222,1
0.6544146218587317,1
0.8753215700040318,1
0.6888092839710827,1
0.8845693610046826,1
0.8421857844714759,1
0.8658602537974499,1
0.9039579161814529,1
0.7619001435852041,1
0.7874081398431902,1
0.7915179007852569,1
0.9277808893470184,1
0.8521974370758377,1
0.9067167397961362,1
0.8930649756503966,1
0.9250478130710876,1
0.9271163252200484,1
0.9232265517707802,1
0.7040875494743017,1
0.9187354303773215,1
0.6329207153933335,1
0.8610223854898583,1
0.8996935026733045,1
0.7872663245906719,1
0.9049422709653938,1
0.7610469570700269,1
0.9266190284380553,1
0.8433928011547157,1
0.9043796115336374,1
0.8894103259505105,1
0.9225560308824917,1
0.9250923983441782,1
0.6083572869196325,1
0.9196722663516613,1
0.684094992969384,1
0.9179132713778918,1
0.8608061154099093,1
0.8999144535609929,1
0.7576252628649982,1
0.7912991026245453,1
0.9054758430311753,1
0.7618110436761384,1
0.92654392687546,1
0.9045504925647803,1
0.8899771022721504,1
0.9224659728169115,1
0.9250624138398694,1
0.6153174319712873,1
0.9195789297257192,1
0.9177895161022468,1
0.5826750773079281,1
0.8620851582561336,1
0.9090886579127129,1
0.7724590625353086,1
0.8122708749222342,1
0.9129837879428292,1
0.9303069768411489,1
0.8541363728815773,1
0.9129861991860042,1
0.9017947830699128,1
0.9275642231751478,1
0.9287570813164499,1
0.6388114271313553,1
0.9255792459344439,1
0.6950799810191514,1
0.923488835593564,1
0.8694808004261106,1
0.9115081030985566,1
0.6281132237971301,1
0.7753585170851396,1
0.8114201636096346,1
0.9156732162802103,1
0.7848642713844006,1
0.9329261996726524,1
0.8581119366422069,1
0.9148619570752426,1
0.9032672106356282,1
0.9297355037506213,1
0.931337194568399,1
0.9280404351370594,1
0.7007138220518906,1
0.9262655084199608,1
0.6485721306492135,1
0.8736773022779077,1
0.6434903103734491,1
0.8538453527655706,1
0.8464929679445867,1
0.8542106252656501,1
0.5950812062118362,1
0.8889066875502675,1
0.7396009333259177,1
0.7635293492781737,1
0.8953377477925993,1
0.9213605332514365,1
0.833326475154824,1
0.8937020445319535,1
0.8757560644749363,1
0.9158773931415366,1
0.919924170240718,1
0.9123033565947329,1
0.9103889831453653,1
0.8510554350546186,1
0.9061015762926823,1
0.76487754141988,1
0.7986792066283188,1
0.9108788235861772,1
0.770694098917573,1
0.9311859023739003,1
0.9106434981716283,1
0.8971109788373518,1
0.9276297252407645,1
0.9296849641758829,1
0.9250168520221574,1
0.9231349501178455,1
0.8660445261864294,1
0.6762480436390623,1
0.883728970120352,1
0.7780255677310647,1
0.8836483220623552,1
0.6275372580674728,1
0.8988448224006307,1
0.6193811136514404,1
0.7884145041333416,1
0.9046994628004259,1
0.9250842342556992,1
0.8457362355851159,1
0.9030645207041018,1
0.888349438969463,1
0.920731954901045,1
0.9234002027084587,1
0.6069148756312559,1
0.9181870185497799,1
0.9168370850434241,1
0.582639850673169,1
0.8620916829526427,1
0.8732162202295656,1
0.7410068924418703,1
0.8813764588093027,1
0.7230990070288732,1
0.9123265762818094,1
0.8801816560481855,1
0.8589295288002515,1
0.9064604130893805,1
0.9112418045007646,1
0.9013839644920192,1
0.8988722877566618,1
0.5807778171877032,1
0.9020703240006944,1
0.6130953310248667,1
0.7572259335778297,1
0.7858745807492385,1
0.906584427962533,1
0.9294215601442162,1
0.9056763703147768,1
0.8908128491803075,1
0.9248246815588923,1
0.9277111613831268,1
0.9221816487132012,1
0.9203289061115423,1
0.8652513117023132,1
0.8840295646509349,1
0.8909169864819179,1
0.7358503362904467,1
0.9186388873367053,1
0.826287995194982,1
0.889851316360607,1
0.8704972973957117,1
0.9131298818460901,1
0.917201672413968,1
0.9091240994720869,1
0.9071590816814844,1
0.8436714830647909,1
0.911843098993927,1
0.7754127000176605,1
0.8118793722185345,1
0.9152026256949418,1
0.7876252158144056,1
0.9326965462518777,1
0.8591363423063639,1
0.9151593894348488,1
0.9041343682203155,1
0.9297973312703388,1
0.9313325410432324,1
0.6302412915916603,1
0.9281195157104082,1
0.7022164442073682,1
0.9258089942245089,1
0.6467741957328783,1
0.8730609994131916,1
0.8998397796022938,1
0.7567814344535042,1
0.7826228533997457,1
0.905238052287464,1
0.7608489231565784,1
0.9283063337551777,1
0.8454238631482818,1
0.9042793804052784,1
0.8883692334441251,1
0.9237153273996469,1
0.9267314913669744,1
0.9207635979285607,1
0.6897658149233908,1
0.9190086091751034,1
0.8621014389141733,1
0.8728736583272195,1
0.7178080807597159,1
0.735223542826109,1
0.8795358219355138,1
0.9117356540594789,1
0.8144339199788896,1
0.878318098214099,1
0.856496948393275,1
0.9048466258770824,1
0.9103528959434602,1
0.9004910241705263,1
0.8981284264614651,1
0.8336665878364483,1
0.9033901583199441,1
0.7974178829261882,1
0.9082523218490502,1
0.7693892740885386,1
0.9291137280798799,1
0.8469629805444995,1
0.9082302254662395,1
0.8942604091540717,1
0.9254656600159743,1
0.9277314410834588,1
0.6247697442112431,1
0.9226505576720755,1
0.9205459174998079,1
0.8637692123695994,1
0.8821777682472456,1
0.7291184955572819,1
0.7537663287276426,1
0.8899346075010204,1
0.9172715737315515,1
0.8258634233063771,1
0.8875000467975062,1
0.8681128409264445,1
0.911123322537215,1
0.9156578253151698,1
0.907273958024741,1
0.6692023129447588,1
0.9054732493457331,1
0.5933151101185803,1
0.844017075281074,1
0.8554575232396191,1
0.8726251673924499,1
0.7182941792547147,1
0.8804859671696051,1
0.91114216995687,1
0.8141524048656145,1
0.878963354324046,1
0.8578513936203348,1
0.9049127082279935,1
0.9097395189311106,1
0.9001867362629989,1
0.6612367660473453,1
0.8981975006396623,1
0.5791209274551349,1
0.8322273608408561,1
0.8549314388960476,1
0.6966077268757517,1
0.8636427844691615,1
0.8994733761336352,1
0.8612968964726913,1
0.8920152767574561,1
0.898158059651468,1
0.8864630544938713,1
0.8837917942249627,1
0.8150732981391117,1
0.8883953471709574,1
0.8946907911812487,1
0.7449654963797349,1
0.921768954661312,1
0.833695786651968,1
0.8935100859787096,1
0.8750705075487836,1
0.9161776985596515,1
0.9205408303035434,1
0.9126593877793965,1
0.9101792783523327,1
0.8499443925033413,1
0.8524243260274028,1
0.914007904006662,1
0.6275689392620513,1
0.7779348157222241,1
0.8094673317519757,1
0.9172147402932328,1
0.7917633593487181,1
0.9354418688125916,1
0.8623467797727615,1
0.9168939068315296,1
0.9054484712109993,1
0.9323630371487033,1
0.9338892984916513,1
0.930721789561358,1
0.9282424589462562,1
0.8756925346987625,1
0.9040351487163066,1
0.7563488355675451,1
0.783594431296393,1
0.9087533191634165,1
0.7718432029980969,1
0.9331728876811851,1
0.9083254435303778,1
0.8927773104722387,1
0.9289405924980112,1
0.9318023749097906,1
0.9259820612487033,1
0.9232500017413059,1
0.7224524737326001,1
0.8623404345683834,1
0.9137259768180765,1
0.6299937079012357,1
0.7789020427541968,1
0.8146971513227365,1
0.9170136856762586,1
0.7920717485135181,1
0.9340749227216091,1
0.8609507159898888,1
0.917035243151685,1
0.906293441474394,1
0.9313614714171875,1
0.932482512502338,1
0.9297409097776738,1
0.9275243404263207,1
0.6525064285967755,1
0.8751810379275752,1
0.8837348561677004,1
0.7545310613269071,1
0.891001913196423,1
0.920228682817679,1
0.8239430686254415,1
0.8899250682096599,1
0.8705268506716388,1
0.9148811291564432,1
0.9191549914476064,1
0.9105589737886964,1
0.9074132243242429,1
0.9081532355175663,1
0.8079893587196354,1
0.912102673701646,1
0.7799105828034022,1
0.9308765293009724,1
0.8529146468908961,1
0.9122341397171663,1
0.9002982109050164,1
0.9276155468312584,1
0.9293291666182238,1
0.9254571366684755,1
0.9231678931609012,1
0.8680003919997165,1
0.8279790006743916,1
0.8710707781335061,1
0.7586878440802336,1
0.8633742590170025,1
0.8710564097464711,1
0.8554133821682283,1
0.7784641914212592,1
0.8765163598260184,1
0.832076948873,1
0.8688821230576543,1
0.8665198716415898,1
0.8748449054040605,1
0.9071842739193262,1
0.8068336479342186,1
0.873397748649715,1
0.8508346849465358,1
0.9006643262284364,1
0.9058265509833333,1
0.5592105286939657,1
0.8957180138307408,1
0.8933511971617947,1
0.9058680966943925,1
0.6246559374389866,1
0.7686717229179155,1
0.7984489614121705,1
0.9104808306858849,1
0.9294997968653931,1
0.8549695646783916,1
0.9093747569029513,1
0.8963565671120534,1
0.9254301175443478,1
0.9281548460725655,1
0.9236308882661314,1
0.6958795301244017,1
0.922003098554231,1
0.637017036157331,1
0.8693147029729301,1
0.8585270336279209,1
0.9034718676533715,1
0.8649803955504419,1
0.8968864500266315,1
0.9032456403229792,1
0.8867340913494548,1
0.9124508544840182,1
0.8070204855483591,1
0.9151797441304926,1
0.7981170743011881,1
0.9339236365666211,1
0.8609090816821535,1
0.9153199245006047,1
0.9037424301208054,1
0.9324323604626155,1
0.9331673576977542,1
0.9297573842595166,1
0.9270874881863364,1
0.6510140437098969,1
0.8717498270768893,1
0.8580409944291635,1
0.8664806991775768,1
0.7041212048969743,1
0.9018572397291841,1
0.8651071730488429,1
0.8949049458128592,1
0.9007800161924139,1
0.8891826041299931,1
0.8859643739195986,1
0.8756990407428579,1
0.9077466144146161,1
0.8739016915030335,1
0.8513600132609891,1
0.901419474738604,1
0.9064786676437527,1
0.8958616171514293,1
0.8935977681751622,1
0.9005262634785708,1
0.7573208642758746,1
0.792320301590847,1
0.9057398739960504,1
0.7627914572307116,1
0.927205722264215,1
0.90545145935008,1
0.8908256771516248,1
0.9232495306088956,1
0.9257063440547223,1
0.9202555352266574,1
0.9183705568238117,1
0.8952325804755731,1
0.6064257106082043,1
0.7474453091544416,1
0.7738556552007281,1
0.9007989821381819,1
0.9247936954862522,1
0.8384399990515454,1
0.8997626296586081,1
0.8827748905957995,1
0.9198466852777193,1
0.9231572873485642,1
0.9169450933434544,1
0.6822965465182096,1
0.9152314377248107,1
0.8566972961993973,1
0.8709522208705417,1
0.8774839259384293,1
0.910427907282447,1
0.8766386156263751,1
0.9037285134791061,1
0.9093084718298112,1
0.8989971741374058,1
0.8966186099605954,1
0.8313080906049569,1
0.9090537408576377,1
0.6255801013954498,1
0.771145437087186,1
0.8048167683738884,1
0.9135028906837421,1
0.9322418738886731,1
0.8555200296964887,1
0.9128642964184588,1
0.9002853781059005,1
0.9287673928737775,1
0.9306461935516074,1
0.6203087779497948,1
0.9267264548694383,1
0.6984870375607748,1
0.9249386594136962,1
0.8718988217985194,1
0.8911046700797328,1
0.7647576450218274,1
0.8964151634474702,1
0.7652617953486867,1
0.9245872990393749,1
0.8385597333729073,1
0.8971800133550543,1
0.8784721850622669,1
0.9218967076604205,1
0.9231022391373991,1
0.9177224568202377,1
0.9132854145531489,1
0.6127199716499938,1
0.8492594831352345,1
0.889206443843446,1
0.7421403269011884,1
0.7691672798158418,1
0.8960864820147713,1
0.9200811559410921,1
0.8344174965387333,1
0.8937675711821512,1
0.8765781038213845,1
0.9148125670814982,1
0.9185274129455911,1
0.9115534565582128,1
0.6764759465181531,1
0.9100920907141296,1
0.8524092621692323,1
0.8895043725847929,1
0.7624164051186133,1
0.8950318383655482,1
0.9220678736771862,1
0.8332073735218575,1
0.894317161614214,1
0.8761833237614708,1
0.9166334863289433,1
0.9208318717497432,1
0.58147641763568,1
0.9132938343675999,1
0.9108617610040535,1
0.599746671940071,1
0.5878426959533399,1
0.8511024403314907,1
0.6783837658283316,1
0.8849876800823616,1
0.7761792430367654,1
0.8774824064104856,1
0.8842235655860123,1
0.8700091317017833,1
0.8667214253842591,1
0.891042473748887,1
0.7376381109045592,1
0.7625930558900089,1
0.8972023919658318,1
0.9261371057946076,1
0.8970794757273297,1
0.8784295490806708,1
0.9213554720343508,1
0.9250225923209111,1
0.9172002787800522,1
0.9135116188811642,1
0.8661437730452133,1
0.7108011176070669,1
0.8748447636529573,1
0.9072076399671175,1
0.8729000812438892,1
0.8502412836222322,1
0.9009163805710074,1
0.9060517991950884,1
0.895480806562899,1
0.6544222133046071,1
0.8932022676299672,1
0.5704136029718843,1
0.8841745871582375,1
0.5933156493295365,1
0.7322529089070087,1
0.7569549523117919,1
0.8912977879970496,1
0.9181990629415029,1
0.8892402833607572,1
0.8702076905015337,1
0.9124130451691902,1
0.9165939885348804,1
0.908797823073117,1
0.9071074402792193,1
0.8451971520496157,1
0.8850491195196765,1
0.7777475591189168,1
0.8843860621227977,1
0.6291879841061613,1
0.874786114684663,1
0.7189789047475599,1
0.8819064784392584,1
0.7277597441061477,1
0.9142445507545077,1
0.8178799160110305,1
0.8796318389680504,1
0.8585669513238015,1
0.9077224788876126,1
0.9131714581078408,1
0.9031468137691078,1
0.664365213766301,1
0.899983248008587,1
0.8340373752090166,1
0.9067060366061651,1
0.6195276748428399,1
0.7694969607358149,1
0.7991387541120716,1
0.9107243892604104,1
0.930907738022879,1
0.8528545595098335,1
0.9113344562487494,1
0.8979543184865523,1
0.9289856511531719,1
0.9295876894563186,1
0.9261065967054944,1
0.7006701798234379,1
0.9230570948912333,1
0.6358485283228705,1
0.8677818616617902,1
0.8878336714694015,1
0.7648436007049639,1
0.894002641552801,1
0.741942696703401,1
0.9194869393415482,1
0.83061993967332,1
0.8931216346389848,1
0.8753655395214204,1
0.9143293380615938,1
0.9180707130254032,1
0.9109781133906635,1
0.9090995360543481,1
0.8491696892240314,1
0.9019291023470769,1
0.8042551516135167,1
0.9005057068075972,1
0.7712556867703597,1
0.9310819201098115,1
0.8458250531200372,1
0.9039678096500159,1
0.9261159116584208,1
0.9295565659953601,1
0.9237436120855658,1
0.6934832955639716,1
0.919847783377581,1
0.8584683120930089,1
0.750267198672904,1
0.8533106189914086,1
0.862218599364338,1
0.8981945267983215,1
0.8356083854573015,1
0.8913281620190933,1
0.8972334612067328,1
0.8852340320111325,1
0.6439388625910045,1
0.8826137872492137,1
0.8136130479267489,1
0.878945349569899,1
0.8863430899259549,1
0.9148651962839802,1
0.821807205178076,1
0.8849295191376387,1
0.8647635221047872,1
0.9091068792744617,1
0.9135226088947036,1
0.5739315296209746,1
0.9047554100895385,1
0.9029302012613458,1
0.8400504842172786,1
0.9056939423857931,1
0.7596536022740553,1
0.793538500371255,1
0.9100666951801167,1
0.9327040820310486,1
0.8478262519391443,1
0.9100612234675618,1
0.8960696315127814,1
0.9288222231176336,1
0.9314948414258569,1
0.9261898405874739,1
0.9233538595611712,1
0.8643324468360545,1
0.8872275048460491,1
0.8941374567967044,1
0.7421577721143574,1
0.9192542898245027,1
0.8319173512672897,1
0.8926844648551258,1
0.8746348882193031,1
0.9139804338444152,1
0.9176547004635479,1
0.5842092717956084,1
0.9105923280263419,1
0.6733856924447779,1
0.9089865995492231,1
0.8492422071321452,1
0.8887335114806484,1
0.7838319307160592,1
0.8886208573165404,1
0.8743419852082729,1
0.8702184246884485,1
0.868062693686337,1
0.7945957801896301,1
0.8608316817609135,1
0.8523486546168043,1
0.8884753809759113,1
0.8952180728429151,1
0.7436118957265941,1
0.9204227635840923,1
0.8329725054248923,1
0.8942197519496259,1
0.8762911441362284,1
0.9152978977824271,1
0.9187966952331348,1
0.5888236819057374,1
0.9116627149826851,1
0.9100343490115717,1
0.7035441935856428,1
0.8557856749996932,1
0.8932409632356654,1
0.8540366049426129,1
0.828332228822264,1
0.8858978249206583,1
0.8919840367072246,1
0.8795384129888769,1
0.8763308859025646,1
0.8836714402150095,1
0.8904993214099268,1
0.7385121367631594,1
0.9182580672841987,1
0.8267143267953009,1
0.8897458129866539,1
0.87050711901849,1
0.9125412949218764,1
0.9168535539602183,1
0.9088574447399211,1
0.9065080734066626,1
0.808191046675165,1
0.8560208076600722,1
0.899699685935344,1
0.6147094066973853,1
0.7562660685108813,1
0.7879286670527058,1
0.9054235331237358,1
0.926646232752088,1
0.8447592884018972,1
0.9040883443348274,1
0.8892197740587583,1
0.9223337353826383,1
0.9251750003438677,1
0.9196705648348623,1
0.6859732261957466,1
0.9180679564432677,1
0.8622434428415825,1
0.8743976125268221,1
0.7447770742355455,1
0.882439678631319,1
0.9119050416961271,1
0.8811399288706834,1
0.8603366799740005,1
0.9059968562811137,1
0.9105815987236566,1
0.9013339832760874,1
0.8990296960882674,1
0.7228969864232245,1
0.7110040631730901,1
0.9046727046867062,1
0.8065891178659836,1
0.8680931759171528,1
0.8978790519018871,1
0.9040642506420759,1
0.8922591869647633,1
0.8893123604040518,1
0.5674545569223812,1
0.9106918087586876,1
0.6149273159650319,1
0.8039973889598535,1
0.914648264389124,1
0.7845466892433907,1
0.9340367245771738,1
0.8537609726362111,1
0.9150489402883174,1
0.9029023518342303,1
0.9309961065749133,1
0.9326627178042486,1
0.9291613276008888,1
0.926326806165454,1
0.8690681492418092,1
0.8809542079977082,1
0.8735508557443441,1
0.8807244391530292,1
0.8624256264073066,1
0.5671567326822434,1
0.9035488172369495,1
0.7987453309478807,1
0.9085105337493389,1
0.9285024476562144,1
0.9082128036063607,1
0.8946329111738374,1
0.9249002687647242,1
0.9271378147415138,1
0.9223357454489054,1
0.9204686451433586,1
0.6300804225900738,1
0.8637869375824996,1
0.849517048204826,0
0.557260708918705,0
0.8440163097338523,0
0.6124127653713578,0
0.5986221903915221,0
0.6795497273262485,0
0.8356169095191087,0
0.6783175603442109,0
0.6287617517948683,0
0.7127672430587241,0
0.6101687358838225,0
0.596742729413571,0
0.6686092078902944,0
0.5773534407512652,0
0.8069255490190622,0
0.7742657895271644,0
0.6829630926086337,0
0.7201501824871084,0
0.7557583416052821,0
0.6766357693764332,0
0.7006339796685787,0
0.6732470382940714,0
0.6196987194404615,0
0.6555559188996655,0
0.6665533918795301,0
0.6851817948096314,0
0.6689954138768661,0
0.6122490862366724,0
0.6770671418632545,0
0.6623465457596079,0
0.618827845005528,0
0.8706285537627448,0
0.7058935032143585,0
0.5126160017625903,0
0.6225412658544879,0
0.6898552143359964,0
0.5743355522043238,0
0.656970875059925,0
0.7940094056619493,0
0.6753923359201408,0
0.6062925707344919,0
0.575970028824683,0
0.6135620959679325,0
0.5582604569893617,0
0.5771470123398095,0
0.584486435806492,0
0.823663349827673,0
0.5737054710551877,0
0.6891079363270304,0
0.705701430812165,0
0.5024898279324258,0
0.6765123248584908,0
0.7078001203784734,0
0.6321124829848398,0
0.6818609013479943,0
0.6096164940049128,0
0.5251985151843013,0
0.7243238990827613,0
0.7131210452521525,0
0.6996570277277278,0
0.5815039175270237,0
0.6762864534387988,0
0.8286153769176658,0
0.5812583008252913,0
0.6022615187622367,0
0.5869153324516843,0
0.8073282105074673,0
0.8646423502941143,0
0.6851566109990773,0
0.6227288346151045,0
0.6922719784364517,0
0.6086601333678535,0
0.6331105163788172,0
0.6900270577280812,0
0.5691648077575379,0
0.6335807109825188,0
0.6551933029719741,0
0.7512584215912255,0
0.6886218585101271,0
0.5909837022491591,0
0.8582584943981945,0
0.5893571968640768,0
0.6150355375857254,0
0.7391050033139972,0
0.5988358102664564,0
0.6184112984437746,0
0.6541093895044814,0
0.5270461961462799,0
0.8418860627899225,0
0.6046317606590518,0
0.5770678394548712,0
0.6059697152768169,0
0.8130812875984159,0
0.5603707153586172,0
0.8505891828528578,0
0.6820722864416465,0
0.7623012683303901,0
0.5673459105901203,0
0.7398107182188686,0
0.6142345383049373,0
0.6745508185499267,0
0.6475598059638862,0
0.7072063581691173,0
0.6154266570309082,0
0.830909273854505,0
0.62346496344796,0
0.6209154019485352,0
0.6659512107799005,0
0.550695073819287,0
0.5864246450264139,0
0.6837907822339583,0
0.7246583877408886,0
0.8627772845063328,0
0.6466267800399178,0
0.6433284774359501,0
0.7274655305718303,0
0.6383866163682326,0
0.6769852395841829,0
0.5635919277366913,0
0.5856496885266879,0
0.5885945056482368,0
0.6556769986189469,0
0.6358265734988894,0
0.48435338083347074,0
0.6573669155140246,0
0.7615877023638612,0
0.6278342248602928,0
0.6383881958254048,0
0.6351981175025205,0
0.5389632318427758,0
0.6968206205947852,0
0.6604374279651025,0
0.6406916549563612,0
0.8510041097144645,0
0.5379086481259172,0
0.5811683323854641,0
0.6687542237379381,0
0.7409624696122609,0
0.6366996733732706,0
0.6004932364802982,0
0.7403085272404712,0
0.8545885626734996,0
0.7863544508802733,0
0.5262945787079506,0
0.604825136362627,0
0.8035111622572297,0
0.7074315576239365,0
0.628621957278537,0
0.6799646606891888,0
0.8497250636164322,0
0.6544337266841523,0
0.6180201313232587,0
0.671535027517251,0
0.6079452395241968,0
0.5790276736895658,0
0.7773818346270728,0
0.6692670385663343,0
0.6144691457774774,0
0.7784941378603457,0
0.6045621302885242,0
0.6405940107110099,0
0.866672980597726,0
0.6877237582352357,0
0.6377689040254579,0
0.6806797043855886,0
0.7595468022571167,0
0.8399194149418749,0
0.8710419494296029,0
0.5635010569166804,0
0.6232362855754583,0
0.7354326562994152,0
0.6742207129579044,0
0.5276597028370015,0
0.5451878868452941,0
0.5060398463344238,0
0.653931784448485,0
0.5944573887387532,0
0.6428756450136841,0
0.7999226199836528,0
0.7876195018694426,0
0.5698716751423394,0
0.5527589347311918,0
0.6741308900103049,0
0.6572119425508904,0
0.6545592295702376,0
0.7172703366877063,0
0.6041843159631857,0
0.7189644017587914,0
0.6313691195921806,0
0.6111555773555831,0
0.5160378371414432,0
0.676190485253164,0
0.6280829454851162,0
0.6742699573220898,0
0.8499338981929226,0
0.6562628815387899,0
0.7701387320902383,0
0.6492293496082793,0
0.8096655320918283,0
0.8385397468230323,0
0.8039560222178835,0
0.7107792754097748,0
0.6433566282086725,0
0.6574494764598079,0
0.6194895870314339,0
0.7087730373162466,0
0.669825732530275,0
0.5865518981880723,0
0.5595623755272913,0
0.7190454858958492,0
0.8086814039422938,0
0.49528428107945704,0
0.6360610977566966,0
0.660278662440917,0
0.6532906978387327,0
0.503808918527294,0
0.6710726927856784,0
0.5750472440812087,0
0.6307334705944134,0
0.7204757135945259,0
0.5317444908910554,0
0.832974568010244,0
0.5448936125266706,0
0.554888607825342,0
0.7893815875373812,0
0.7961327424272665,0
0.6235449060022648,0
0.7597980581024903,0
0.5139567661660078,0
0.6137323071160943,0
0.8145676184715415,0
0.6389182961549223,0
0.762082573955484,0
0.5836763776103122,0
0.7219618012331529,0
0.643014289541969,0
0.520553513052657,0
0.6866751033790557,0
0.6601705598528983,0
0.7845295371582119,0
0.5999156856569858,0
0.5894134206820517,0
0.7658906511419459,0
0.6367376416487615,0
0.6642583215833927,0
0.6347292736639236,0
0.5294844176480058,0
0.8261768668835192,0
0.5424319334794767,0
0.6058803386025654,0
0.6210919989239083,0
0.9083653087211605,0
0.6664191317785888,0
0.6019754704868678,0
0.6062764948154434,0
0.5895322873939655,0
0.822166038780931,0
0.5949691957785097,0
0.7824613471491723,0
0.5173228257242409,0
0.6644202591518752,0
0.7746669407602742,0
0.639871963646008,0
0.5768131598885791,0
0.7951909169153828,0
0.7081636395939137,0
0.6627969126486838,0
0.5605308163123223,0
0.6254085962106358,0
0.6931938719402497,0
0.6461013805772529,0
0.5432596384103611,0
0.8133341535694281,0
0.6776831432933741,0
0.6387896288573273,0
0.6327439532046878,0
0.5922530099995136,0
0.7576099990977637,0
0.7365204129374368,0
0.6807890280005328,0
0.6362131130346024,0
0.6124627799780188,0
0.6957782243156572,0
0.7500351499493911,0
0.6885291237322678,0
0.6132390225085774,0
0.6538161220321922,0
0.5936798321536366,0
0.6496363824029145,0
0.6092022558318609,0
0.6854645589033218,0
0.6421143739965072,0
0.8580908545765836,0
0.8406999539811371,0
0.6832404067685159,0
0.5476907763744271,0
0.5775433796517484,0
0.6686699161359437,0
0.7107096804679678,0
0.8293260097880184,0
0.6352015899531718,0
0.678744861356966,0
0.6247446834234937,0
0.713357321626075,0
0.8971181924246262,0
0.6136432629226543,0
0.6834233029596078,0
0.7863150461117571,0
0.6872949250851931,0
0.6147873851233157,0
0.7883862404751838,0
0.6441361653842576,0
0.688972399714744,0
0.715212499276958,0
0.6161316031567647,0
0.7055149707530753,0
0.6754604720332711,0
0.654385079477297,0
0.6588782833512317,0
0.570981732494267,0
0.7832879263598219,0
0.6510188743404933,0
0.5234466259519767,0
0.5485264657404965,0
0.6684160768462599,0
0.624228548248647,0
0.8233027629861157,0
0.7136565442672015,0
0.6817682542883141,0
0.6280680732665401,0
0.7723902364665332,0
0.6098868078023564,0
0.5700199069840064,0
0.6117927149636669,0
0.7635196741934889,0
0.6386848110987196,0
0.6273844810136492,0
0.5849429964276882,0
0.6731032368210063,0
0.6669949040717387,0
0.8467230772224404,0
0.6802926140685613,0
0.501392421742095,0
0.5846552017279598,0
0.6834512062306374,0
0.5255963611558867,0
0.8552629359939729,0
0.8544398145496089,0
0.4973217738964214,0
0.64833406560678,0
0.7581096569075636,0
0.5975189306026227,0
0.7922468573144262,0
0.8304152690415436,0
0.8233250964267681,0
0.7474485954070587,0
0.5314056239544591,0
0.678848645199434,0
0.5702878867072521,0
0.6744170304310053,0
0.6412025625202765,0
0.7533263951767606,0
0.795404649987496,0
0.605501258139029,0
0.5843877657985639,0
0.5474909488562654,0
0.6604035676421953,0
0.5610901967801236,0
0.6270250861640162,0
0.7137724779937246,0
0.5792573775203599,0
0.6834228118901119,0
0.581115931342845,0
0.6554666436901018,0
0.7870483386682965,0
0.6409345744731699,0
0.5301769850452095,0
0.6431942425134968,0
0.7179709893104693,0
0.6428051888613138,0
0.7014940827940692,0
0.5908402208560647,0
0.782103584917915,0
0.6161368654428829,0
0.6498905697165792,0
0.6072479877984032,0
0.6150360663830465,0
0.6435096404917973,0
0.7490155566671297,0
0.6753522085941492,0
0.6555931276839724,0
0.7001417832164281,0
0.7385180215665984,0
0.5827412151471122,0
0.604611622743044,0
0.6483054577331548,0
0.8713220367328277,0
0.8023579289117417,0
0.7249630794140727,0
0.8598817670439356,0
0.5397437652565387,0
0.8108526326273126,0
0.5282059023075318,0
0.5999760830608821,0
0.8542472303318488,0
0.8680102003362545,0
0.7560586842618928,0
0.5248143543046739,0
0.8036822675891124,0
0.6958283228754425,0
0.7857429305992277,0
0.6586565254832335,0
0.6703364865364008,0
0.774208309458162,0
0.6428461079051048,0
0.6248874695379426,0
0.5959395872007687,0
0.5925725206418215,0
0.5349489694928408,0
0.8204593229739783,0
0.7576853439478095,0
0.8463913976286364,0
0.5299352366565296,0
0.6711454434244922,0
0.7100109737606817,0
0.8404897531811244,0
0.8870551497107395,0
0.7382949650367936,0
0.7591442325318989,0
0.6953243740213936,0
0.5922978865827303,0
0.6447610614279177,0
0.6075193968397106,0
0.8423029303131727,0
0.6966331364235465,0
0.7145915615956104,0
0.600925501561588,0
0.6413718349180315,0
0.6483133107251179,0
0.7689986402282649,0
0.852976582298902,0
0.624748121968501,0
0.6373357906266911,0
0.8034328285168156,0
0.610629121610448,0
0.6755988334562807,0
0.7850379582352407,0
0.7457439231308236,0
0.6354935557686098,0
0.8195191404835598,0
0.7063289457966879,0
0.6235133835093485,0
0.8521506703599568,0
0.603964953328962,0
0.736467933797976,0
0.517649289144456,0
0.6385498213197812,0
0.8604928083088909,0
0.6072325439996058,0
0.8342321466244343,0
0.5470163123510741,0
0.7923580625256661,0
0.5557988842867672,0
0.6241559335813879,0
0.6523965988963003,0
0.6851799330071839,0
0.559894970385853,0
0.6221055779298675,0
0.7041214547104664,0
0.7551610805847933,0
0.7489408056051895,0
0.6345763196300225,0
0.6481231715096395,0
0.5146755780837377,0
0.7245452301083778,0
0.7004792465913016,0
0.8404671749495422,0
0.4984358046303208,0
0.6107933616177632,0
0.7615640329193647,0
0.823380146927585,0
0.5657726469960903,0
0.6855890907086203,0
0.8294692827367226,0
0.7172724886099618,0
0.6434394643865896,0
0.756016058838359,0
0.616454137305507,0
0.5995528517642384,0
0.642425475568715,0
0.6100152631188213,0
0.5498325386011952,0
0.8535908783970649,0
0.8368962002641009,0
0.8142682654798076,0
0.6066915435915641,0
0.4981022496676846,0
0.7909723345190259,0
0.6103842545291037,0
0.767022583875971,0
0.601659923188237,0
0.6836647807182096,0
0.6432493960191648,0
0.72017878116704,0
0.5812956991011273,0
0.7570487319098781,0
0.6721972687214338,0
0.5087583689950804,0
0.5943535340769674,0
0.815571399169146,0
0.8780220475787727,0
0.6665786215287126,0
0.6096814329458597,0
0.843191163353938,0
0.5774099662423309,0
0.6936607626717562,0
0.5931005953101094,0
0.663376133318985,0
0.6087549752748821,0
0.8146607002222401,0
0.6200421242137596,0
0.6734724703262643,0
0.8402452320799422,0
0.6070904066068233,0
0.6352863429371844,0
0.5546439175887018,0
0.5620721164707856,0
0.7289909062783346,0
0.6903386223895046,0
0.6746350610839602,0
0.8819236728207338,0
0.760446615794196,0
0.5960216202261513,0
0.5836333581902503,0
0.6797085007460159,0
0.5292699313992865,0
0.6298129445741356,0
0.8225866724566759,0
0.7664837111161117,0
0.7552994447007738,0
0.7644856371854036,0
0.6393476765669388,0
0.6953759428121612,0
0.8459583550663382,0
0.793568121898786,0
0.7043995584053593,0
0.6908438246470607,0
0.8153362381759937,0
0.6890785019204694,0
0.7136455889777037,0
0.5707686678614409,0
0.7393312301816471,0
0.6356752634193135,0
0.6311806687841502,0
0.8060661559181334,0
0.73733747195905,0
0.6844024511550576,0
0.707464713427478,0
0.7721369727523529,0
0.6510556479270629,0
0.7316709887592642,0
0.6512389006355698,0
0.5835487699948723,0
0.799200103831452,0
0.8012255308467081,0
0.6419704892740989,0
0.6274249539269732,0
0.845037723697371,0
0.6863708837740281,0
0.5239186099724945,0
0.5671922598899617,0
0.8509402196921807,0
0.7381915453502035,0
0.5916166299983453,0
0.5123424278681643,0
0.8045327820865548,0
0.7098450833159831,0
0.6709796935126426,0
0.8182530874594658,0
0.7119720414577773,0
0.7740882738636616,0
0.8534058208221353,0
0.8850189854734383,0
0.5673410469645893,0
0.6576833955105746,0
0.7627847742568994,0
0.6288663314533774,0
0.7365195064497002,0
0.5912499497803252,0
0.7633053675507242,0
0.765381644301018,0
0.6700721222206637,0
0.5311573702397673,0
0.6614622913700718,0
0.5495983908983691,0
0.5596863513791875,0
0.6189514855709534,0
0.6530027149932174,0
0.6386501657433903,0
0.6982938690154153,0
0.6181156032568128,0
0.5823712974069922,0
0.84260593510279,0
0.5561337057117834,0
0.5601421208524233,0
0.6450201769552482,0
0.8175347750257758,0
0.6363460386253154,0
0.704748857520486,0
0.6009548804940814,0
0.6893440949363011,0
0.6229950592583513,0
0.5692014802591483,0
0.5165789959013115,0
0.504427613547985,0
0.618063044212862,0
0.7133079793747052,0
0.6683682642973687,0
0.6191267204348447,0
0.6236082441849623,0
0.829480923096117,0
0.6458423659136443,0
0.4757868213350422,0
0.8348059316472566,0
0.626346269863493,0
0.8906604326532291,0
0.5848595664663467,0
0.5850315190038894,0
0.6582658573436182,0
0.7839404949129737,0
0.6298753520857308,0
0.7651494915412934,0
0.7363604439416888,0
0.6676042192866362,0
0.6561059579579586,0
0.6307709974512605,0
0.6737270338960615,0
0.6929616723094407,0
0.6106707210523141,0
0.652114000571766,0
0.6442397321077555,0
0.6398926604454976,0
0.5637876990190386,0
0.7109652827306271,0
0.6100503070888421,0
0.6229190811587908,0
0.6350652509202608,0
0.7488051756716245,0
0.6004838649841641,0
0.6310758532537052,0
0.7024461153223074,0
0.6481440129652937,0
0.6107695706948401,0
0.645843355556567,0
0.6407334205049139,0
0.6336704422008481,0
0.5726646094694645,0
0.4974713729860941,0
0.6556264401346533,0
0.541366363908717,0
0.5056216156975533,0
0.5719443371653069,0
0.6028532059945764,0
0.6439407593884813,0
0.8292734977452993,0
0.6324995185082521,0
0.7069904316276934,0
0.6227615367165512,0
0.672256491290267,0
0.7053782060458934,0
0.8477902748378597,0
0.5916179516682722,0
0.6852762244485721,0
0.6405170620353465,0
0.5944416784280748,0
0.8100678130861836,0
0.7803036797279815,0
0.5522024782073298,0
0.5655291211279567,0
0.5683211779220919,0
0.6402085783739728,0
0.5822856676480482,0
0.7320082988681931,0
0.6566421230979261,0
0.7860717213292506,0
0.6798743961167277,0
0.7864672622799399,0
0.6475122605390788,0
0.6229429482490113,0
0.6089568488080483,0
0.7649565542870188,0
0.858163385824853,0
0.5167485125920481,0
0.6849376582434574,0
0.6373552468310997,0
0.7307379119345722,0
0.5450787366150547,0
0.51188199313497,0
0.7749541894210338,0
0.6046783254198974,0
0.683573398134721,0
0.6666101690881907,0
0.7413172050811572,0
0.6361718346248215,0
0.610184000596914,0
0.700660257494883,0
0.5804736489068498,0
0.5781892513866702,0
0.6752832852330418,0
0.6869275511882916,0
0.6035130650810825,0
0.6197515164331262,0
0.6985256475317947,0
0.6428938264112322,0
0.758716049636958,0
0.7712170070087712,0
0.5987259328519446,0
0.8404356278998845,0
0.7035537662906408,0
0.7140081190197631,0
0.6253724877988803,0
0.6380411215648016,0
0.5837195362067725,0
0.6945037351961615,0
0.6685690575695533,0
0.6440830183112697,0
0.5668093613735964,0
0.6574003423637068,0
0.8059235794685446,0
0.6739327404607561,0
0.587139782272583,0
0.6341351496626602,0
0.7141417872485222,0
0.6346976387729484,0
0.6501622598278811,0
0.6459854065144442,0
0.5910342243977578,0
0.8573383858346211,0
0.6889078738306902,0
0.5525638454173419,0
0.7360536467754785,0
0.8115760759549345,0
0.7576989333839614,0
0.6681939788925807,0
0.7094645242716069,0
0.7973593863127953,0
0.7649747944688388,0
0.7775369157283176,0
0.6388190588140907,0
0.6857923969662034,0
0.6988746891386745,0
0.6384838390552847,0
0.6948539885283669,0
0.8420695659804828,0
0.7759590869000158,0
0.7387579494824278,0
0.8439515621464634,0
0.6219787533372965,0
0.7078234169715845,0
0.6623859986097219,0
0.7099440367649837,0
0.5274281469797414,0
0.6844611092035856,0
0.5143945452244565,0
0.6118640738073717,0
0.7119537722527753,0
0.6972576623505197,0
0.6492070236359216,0
0.6499473663471396,0
0.6819964158469348,0
0.6086416096302977,0
0.7024000931736208,0
0.6844441849643069,0
0.5584279279618307,0
0.8524538067268012,0
0.6518874148478354,0
0.5604799605539087,0
0.6369734165985015,0
0.7374126088948781,0
0.5134036045871639,0
0.6237022544285465,0
0.8341643407240307,0
0.5553224692059404,0
0.6252403009080704,0
0.7668708483841891,0
0.7659892462461282,0
0.7550843276492167,0
0.6822726998520611,0
0.5622639976267176,0
0.7800674555127803,0
0.8228381693069832,0
0.7303437245016122,0
0.5102390201338359,0
0.5867291682281377,0
0.6870454363978549,0
0.5831768590886819,0
0.7940115663808766,0
0.8164971975615589,0
0.7335101351667942,0
0.7540416193164592,0
0.6036838594162233,0
0.6595259022141255,0
0.5555274244249618,0
0.6811009387195901,0
0.5942899836944988,0
0.6434890722433315,0
0.6474999204733349,0
0.6284971017924739,0
0.7617638329276271,0
0.6937958656510002,0
0.7564224841812087,0
0.7733485288729803,0
0.5685900397191981,0
0.8252453808221512,0
0.5720496112151238,0
0.6779981925285649,0
0.6684056153009095,0
0.8265688030253032,0
0.7205074196457825,0
0.796799288991328,0
0.67733294968368,0
0.6368907128176456,0
0.6143383858629708,0
0.728775891046381,0
0.6010860650186579,0
0.7515981240860702,0
0.6516754045504007,0
0.6497043281683765,0
0.692991417349842,0
0.5969346340736104,0
0.6527229650577752,0
0.5736566030065204,0
0.6100916119241295,0
0.7455478398620388,0
0.6435488738438553,0
0.7597330118304004,0
0.560581985188665,0
0.7343352139012509,0
0.7878489422235739,0
0.533835826953136,0
0.7339144051583896,0
0.6231542836640841,0
0.8420246236798811,0
0.6227781810859276,0
0.804240536630362,0
0.722032863007072,0
0.6214356385000144,0
0.5707750546184425,0
0.7058167305041115,0
0.6812443486818651,0
0.5698083893464908,0
0.5764906828481995,0
0.6202798688573259,0
0.6825134767044989,0
0.754005171595376,0
0.7050746613144253,0
0.5818229685793204,0
0.5041145255630581,0
0.6171365219693428,0
0.7514581013586635,0
0.6128266911679247,0
0.552974184614583,0
0.6615579641903772,0
0.6445423386650669,0
0.5853673087453111,0
0.6884978096237634,0
0.6604583209971632,0
0.6371471924606621,0
0.5084465699736411,0
0.751330487705408,0
0.6094020581652398,0
0.7116341049822372,0
0.6376101384101698,0
0.6314673490714733,0
0.7073884154774898,0
