0.8723122821565388,1
0.7294054669537113,1
0.9152890584163803,1
0.8126154845314533,1
0.855332930628903,1
0.9064622100814693,1
0.9151028466425994,1
0.8975751561059098,1
0.8962503289137821,1
0.8342119897990966,1
0.9115454881643037,1
0.8182323866107054,1
0.9127782894785372,1
0.7787900446278337,1
0.9377907336372215,1
0.9134282075370689,1
0.901892068573521,1
0.9330577368137408,1
0.936846553798177,1
0.9281164517385069,1
0.9271201868042273,1
0.6515725692356984,1
0.8753893136394711,1
0.8776788443026617,1
0.7386494250081765,1
0.7642064625748825,1
0.8815346220556456,1
0.9168465606083496,1
0.8209172600199044,1
0.88094418766325,1
0.8642354263374551,1
0.9095487295187644,1
0.9163219939291622,1
0.9012638147132457,1
0.6878895522714276,1
0.9009497723507635,1
0.8723855394065188,1
0.8752363573231524,1
0.7165577003796152,1
0.914013463526097,1
0.8740851342651178,1
0.8557635779998913,1
0.9055621080454078,1
0.9134972642498536,1
0.8968607868794423,1
0.8961484154859325,1
0.8917566440329011,1
0.7526625040427275,1
0.9292423955655905,1
0.8392795711013576,1
0.8932436754021612,1
0.87722316241193,1
0.9214830030367709,1
0.9288428076568638,1
0.9141826540280452,1
0.7031954539524665,1
0.9123626479952007,1
0.854212472140518,1
0.84405580179985,1
0.8920371368623893,1
0.8424670942957173,1
0.892514464882383,1
0.8696698783619669,1
0.8690713950537068,1
0.8616752558247278,1
0.8515123120117732,1
0.8357095249176155,1
0.9114015481430254,1
0.7863907115471196,1
0.8260059657458286,1
0.91334985145493,1
0.777381719038032,1
0.9349631093748433,1
0.9137100053232529,1
0.9031240395654463,1
0.9310005026774495,1
0.9340894120039287,1
0.9263165679064004,1
0.9259720918503955,1
0.6521323288574731,1
0.8756728341721979,1
0.9107212690360588,1
0.8195022831212088,1
0.9119441561495593,1
0.9347938294963843,1
0.9132942488715694,1
0.9022945245669737,1
0.9311403722618304,1
0.9340844654788003,1
0.9262198536368315,1
0.9256375283299279,1
0.9151809148324611,1
0.8263914411608188,1
0.9161590256480632,1
0.7888970330477822,1
0.9374532639508115,1
0.8626258414777221,1
0.9166207068433287,1
0.906408835070794,1
0.9334702218135491,1
0.9362318195443646,1
0.9297459117592208,1
0.9288787870787155,1
0.6599056990715964,1
0.8785735662208657,1
0.8754165756123992,1
0.9130641487801325,1
0.8751099045949365,1
0.8572921108892678,1
0.9054983960726407,1
0.9126476716293073,1
0.5972975901606994,1
0.8963716908125352,1
0.895928813990584,1
0.8761664215686947,1
0.8772129155188241,1
0.8517047451193995,1
0.9117354764996498,1
0.6491201564337166,1
0.7855150629871204,1
0.81797529061282,1
0.9130790950728065,1
0.7787429327375837,1
0.9365100895170201,1
0.8596597096582566,1
0.9131421535445858,1
0.9016869119644986,1
0.9319779679709043,1
0.9355913075549168,1
0.9275675637608262,1
0.7244979943274474,1
0.926766026174714,1
0.8771589054352618,1
0.8829791509110693,1
0.7444128501012867,1
0.7708976245279652,1
0.8857180039993525,1
0.7299207320933813,1
0.9205149998180703,1
0.8276676602035948,1
0.8847834981407255,1
0.8684305984550295,1
0.9127120190042722,1
0.9199039034569737,1
0.9052397382112539,1
0.9045333510865701,1
0.8474837535417653,1
0.7245111817425743,1
0.8539162014763206,1
0.8998077729453405,1
0.852070479239269,1
0.8316675588859177,1
0.8892615539704175,1
0.8996722200490419,1
0.8787166493043549,1
0.6642350182208153,1
0.8772767919806426,1
0.814139771055207,1
0.9059765450120905,1
0.7828870297763412,1
0.8131192558193925,1
0.9041437712093624,1
0.795540071653391,1
0.9267555155712609,1
0.8573396414157873,1
0.9059960915318236,1
0.8956646438633367,1
0.9236154716062615,1
0.9257301502992933,1
0.9201630504367657,1
0.7250150658058898,1
0.9178479155833379,1
0.8692353908369873,1
0.8804313630589267,1
0.8822450040153337,1
0.9193798103380735,1
0.8222883176791169,1
0.8824045649152499,1
0.9117271389316302,1
0.9188948240424666,1
0.9035534771968456,1
0.9028270691782531,1
0.8428923679369883,1
0.894460165567693,1
0.8966539676503159,1
0.7602586407359787,1
0.926030502199477,1
0.8978750907713158,1
0.8823192563999139,1
0.9218732712086692,1
0.9271604244668658,1
0.9156881425609896,1
0.9142673526915724,1
0.8510170170362135,1
0.7260683037344856,1
0.8542599284869151,1
0.8997042286962181,1
0.8527922703655804,1
0.8328332086309091,1
0.8899706829002113,1
0.8997468385998909,1
0.8788324050673569,1
0.8780395609826043,1
0.8143379842260633,1
0.9121861467735959,1
0.8162613092168547,1
0.9122274662421574,1
0.7885941739838734,1
0.9367703340273199,1
0.8604032048889797,1
0.9130968651925495,1
0.9017392820059881,1
0.9325085904507625,1
0.9359607508181974,1
0.9281299105593241,1
0.7241564504443333,1
0.9264564330594135,1
0.654058355581115,1
0.8742656631487218,1
0.8960825863502918,1
0.7595433371674593,1
0.8982226439416815,1
0.7543314044818292,1
0.9302034807472062,1
0.8426375827201426,1
0.8984096009454282,1
0.8833185992527761,1
0.9235307538587955,1
0.9295726029051771,1
0.9169492371590615,1
0.9158243627607061,1
0.8583932559222295,1
0.8879367324895875,1
0.8885223399536635,1
0.742336399550826,1
0.9238573857795787,1
0.8905697794609612,1
0.8738235329103192,1
0.9164751594975225,1
0.9230950533203532,1
0.90986139213458,1
0.9086974034454345,1
0.6098674562406382,1
0.8483668251125956,1
0.8834426564338771,1
0.8728315431541225,1
0.8839458984682624,1
0.8582011712401361,1
0.7910496315174802,1
0.8391807415091209,1
0.8920166292353194,1
0.7833637875207312,1
0.8919942657128916,1
0.8691204949136084,1
0.8678755550301075,1
0.8037719558534298,1
0.8516667121601734,1
0.8555989939813613,1
0.9004851426369453,1
0.8545029742015388,1
0.8911422325929401,1
0.9005381969569983,1
0.8796746258396307,1
0.8789828557376465,1
0.8896129017243511,1
0.7590024525335204,1
0.9242027487312141,1
0.8905303083781098,1
0.8748012645214405,1
0.9192135555719372,1
0.9245877649429387,1
0.9122960028420745,1
0.9105454245599911,1
0.8515431715687984,1
0.856375109821478,1
0.9007112535374222,1
0.8551680005151556,1
0.8345382597534623,1
0.891365143316298,1
0.9005707090744886,1
0.879920539632606,1
0.879413208044463,1
0.8641566558583029,1
0.9058652212185737,1
0.8025306747621852,1
0.8610801513438702,1
0.8971799384945163,1
0.9058007093902453,1
0.8865465940945653,1
0.8864416061404661,1
0.9119941094163171,1
0.7880064413627079,1
0.8255003962613436,1
0.9136187829967701,1
0.7773072251660135,1
0.9351298517663919,1
0.8578946799533309,1
0.9137400599773198,1
0.9031920602221297,1
0.9310870790539446,1
0.9341873446513623,1
0.9266654836261077,1
0.9261764963341035,1
0.6047113569213565,1
0.8769629387064796,1
0.9085261393371209,1
0.7780118077363014,1
0.9085707034917463,1
0.7825554674070605,1
0.9359432433402871,1
0.8586065954535999,1
0.9094708847193061,1
0.8967624980204214,1
0.930878989387658,1
0.9351170366307647,1
0.9260629238743053,1
0.7216312105004571,1
0.9241725621496307,1
0.6457181867835073,1
0.8719326071221607,1
0.9055217708105321,1
0.8067379660353929,1
0.9044206225713034,1
0.7875599547972504,1
0.9299522159272307,1
0.8557018188605622,1
0.9051492990202615,1
0.8935363380665585,1
0.925175016452827,1
0.9293463490543061,1
0.921744409428403,1
0.7193981553840182,1
0.9194313235727543,1
0.8671538761752952,1
0.9053589297020778,1
0.7728572214825136,1
0.805106450586882,1
0.906694085984089,1
0.7650779612529418,1
0.9346348551373348,1
0.8477090894720022,1
0.907526310591388,1
0.8942160214170602,1
0.9294596603628487,1
0.9338104534276891,1
0.923480915305632,1
0.9230332506967603,1
0.867704657871401,1
0.9024524530812462,1
0.6431071130869057,1
0.7740355327242738,1
0.8075843146147632,1
0.9049140412678758,1
0.9299723165874451,1
0.8490920071867355,1
0.9044105324889844,1
0.8920557181119306,1
0.9247398415672604,1
0.9290081021555613,1
0.919569137860881,1
0.919170126702264,1
0.637892201743002,1
0.8685726477968954,1
0.8808778987827346,1
0.7422619164502084,1
0.7655721044998136,1
0.8831579815185362,1
0.7295900471891145,1
0.919840314516627,1
0.8244287565891031,1
0.8832911121765504,1
0.8665321049120072,1
0.9119093351437371,1
0.9191695145876512,1
0.903979193314804,1
0.9031980612494794,1
0.8444173853741826,1
0.8640418578569139,1
0.8682923674871812,1
0.7107543039384367,1
0.9091742983143901,1
0.8067777247256764,1
0.8677047828094172,1
0.8486568993621163,1
0.9002956939099247,1
0.9087146243538966,1
0.890360266427761,1
0.8900315458183984,1
0.5849409176757184,1
0.9079568608612982,1
0.6489863298387969,1
0.7829216406677065,1
0.8166330669840982,1
0.9100737820783763,1
0.9332776219149592,1
0.8548679923097368,1
0.9099123213283014,1
0.8984054531143819,1
0.9285618873431856,1
0.9322140180631772,1
0.923917399447197,1
0.9234928799588975,1
0.6492324779214702,1
0.8741454410028988,1
0.8754589699681832,1
0.8778468698738563,1
0.9150592132757113,1
0.8177822056326813,1
0.87753674403094,1
0.8602639915641243,1
0.9072150700505289,1
0.9146392546774864,1
0.8991187494641919,1
0.8981264514947466,1
0.8396611413950708,1
0.868815861590079,1
0.7288917674030827,1
0.7509236379288049,1
0.8723738085728704,1
0.9117359192752659,1
0.871884368311332,1
0.8536443049062421,1
0.9037094032638046,1
0.9114180015071488,1
0.8940478429726099,1
0.893566310790787,1
0.9104495370594223,1
0.7845908000640215,1
0.8207411863906552,1
0.9120404907782236,1
0.7756605916926662,1
0.934808037178569,1
0.8558434627010977,1
0.9123797276315969,1
0.9012223356992864,1
0.9306579384076118,1
0.9338601454674813,1
0.9258968501276231,1
0.9252802358352797,1
0.8747761070856792,1
0.8838834776146137,1
0.8875178590558305,1
0.9210121773591664,1
0.8867760372025432,1
0.8706281968107651,1
0.9143737661821545,1
0.9205159217966332,1
0.9062963530645225,1
0.9059466255985263,1
0.6837753421343657,1
0.8926220864997133,1
0.8431521180577919,1
0.8824695820625462,1
0.8703867412289056,1
0.6545325007286585,1
0.8695420018004919,1
0.8981115473400063,1
0.7657695921973233,1
0.900483328852797,1
0.7535394312969985,1
0.9297528879347744,1
0.8442988374109716,1
0.8998187727075926,1
0.8857760029574289,1
0.9234499962505714,1
0.9288820156407764,1
0.917504391781869,1
0.9167405120929574,1
0.8641535298805445,1
0.9142973221250917,1
0.8290815620660561,1
0.915348482034665,1
0.785394073502053,1
0.9369673068633712,1
0.8602604040975976,1
0.9161473495981952,1
0.9058088683828474,1
0.933155027998337,1
0.9362129464319225,1
0.666475175312263,1
0.928685765147342,1
0.9279833100713545,1
0.8774856831695218,1
0.9117028888419314,1
0.6545548740346172,1
0.7933075086645168,1
0.8263261050869954,1
0.9110122662367274,1
0.8010118551498925,1
0.9302724785816231,1
0.8635561056784786,1
0.912167465096437,1
0.9029272012370337,1
0.9275638698264983,1
0.9292154592665693,1
0.9245094170692995,1
0.7306759067772811,1
0.922871710304201,1
0.6716014509088541,1
0.8758852955946265,1
0.8413553147507344,1
0.8894410399007728,1
0.8800736178751172,1
0.8668804808757132,1
0.8662373142643938,1
0.9191328616069949,1
0.9149059316843043,1
0.920112348025384,1
0.9058154679991269,1
0.8646342513939604,1
0.8685145345837949,1
0.7125519957573238,1
0.9092522746352436,1
0.8081349071144263,1
0.8682727695882735,1
0.8493443665391593,1
0.9007483723478305,1
0.9089073250758274,1
0.8908228653686749,1
0.8904013123544887,1
0.8968243554044453,1
0.8987869060237899,1
0.753448257530187,1
0.9292218602678944,1
0.8443238602673265,1
0.8988696984661547,1
0.8846297684468875,1
0.9226549422869104,1
0.9284714528270906,1
0.9165854401461353,1
0.7084961333216617,1
0.9155456577942858,1
0.8613345954054884,1
0.8759306495897071,1
0.8790485819385485,1
0.916252814797294,1
0.8185523300574561,1
0.8782574004396116,1
0.8610954438904366,1
0.9085024940444888,1
0.9160046387788882,1
0.5997510212925335,1
0.8997030950630593,1
0.8990540194460255,1
0.8385365683473289,1
0.9002304646532309,1
0.8028322563724394,1
0.9025467101655287,1
0.7563253440995441,1
0.9290598684366763,1
0.8439476574379849,1
0.9026198928562099,1
0.8896126733728716,1
0.9238465622904296,1
0.9282371905922884,1
0.9180759411165014,1
0.9175706113510833,1
0.7136790960010927,1
0.9143252646874394,1
0.7892029652644028,1
0.8241837941734147,1
0.9154534085722097,1
0.7840789331463554,1
0.9377614012768559,1
0.8619420787122148,1
0.9159911686953363,1
0.9053161962210974,1
0.933658740888624,1
0.936886612164503,1
0.9293551200254978,1
0.9286094242083108,1
0.8789952413621017,1
0.9163147019567891,1
0.7936294793164259,1
0.8304289488772715,1
0.9166277553985864,1
0.7939171465459227,1
0.9368863393362447,1
0.8632116211654187,1
0.9178113573177571,1
0.9081426194858812,1
0.9337412893716617,1
0.9361130475413524,1
0.9299232857261746,1
0.9289638229670814,1
0.6647518142527,1
0.8795395289482584,1
0.6860849385373571,1
0.8829122426541752,1
0.8299834836880022,1
0.8727918204945796,1
0.8580373274000823,1
0.8056999739310955,1
0.833078424999389,1
0.8842616185376084,1
0.7730766917337409,1
0.8309420948814703,1
0.8734615913458426,1
0.8847101610381468,1
0.8604613012827689,1
0.79279323517233,1
0.8558868361095037,1
0.8588056082205575,1
0.6990926666604275,1
0.9034403150303836,1
0.7992227925336898,1
0.857698098426744,1
0.8375865289883428,1
0.8935938873880469,1
0.9031623836752147,1
0.8830634085677396,1
0.8820127720754938,1
0.8191017757855651,1
0.8974659711542595,1
0.8992276861743083,1
0.7550201308827323,1
0.9288765098118416,1
0.8442246079930874,1
0.8995380806304067,1
0.885549381839366,1
0.9226594166764291,1
0.9281022738413347,1
0.9168083672700271,1
0.7069886299532475,1
0.9159452254659125,1
0.8616254249485104,1
0.8833313349978335,1
0.5970534145808505,1
0.8861772677576568,1
0.9214940676516046,1
0.9144730062512237,1
0.9208730980030574,1
0.906596239297327,1
0.9061394365964524,1
0.8692867758912253,1
0.747644400898123,1
0.8714670869349783,1
0.912112623612218,1
0.8118436155989118,1
0.8707772029430941,1
0.8521577336452808,1
0.9032253775047117,1
0.911773569774015,1
0.8943930148570013,1
0.8931058498287259,1
0.8329251788131543,1
0.9028265579528765,1
0.6373573085627543,1
0.774422337816315,1
0.8026673633942765,1
0.9048830666277751,1
0.7595920809614382,1
0.9319516938941529,1
0.8490328317574273,1
0.9045683145335159,1
0.8911661408662435,1
0.9263172554504355,1
0.9309584668428112,1
0.92090724220161,1
0.7155794793941409,1
0.920191651728826,1
0.6371698704183228,1
0.8682406565661429,1
0.882969025905939,1
0.8861752694188084,1
0.9224301213643371,1
0.8246179270889642,1
0.914721990634163,1
0.9218864308176047,1
0.9067666675684357,1
0.691434816779302,1
0.9056310206867804,1
0.8980419286903069,1
0.7669317941673429,1
0.7914844822708101,1
0.8974908893885755,1
0.774969773809327,1
0.9281724020404502,1
0.8491219520952232,1
0.8984091619346241,1
0.884460111028298,1
0.9239349282615072,1
0.9286946407945855,1
0.9174940700606892,1
0.7144311078713471,1
0.9166262256227462,1
0.8912537559031941,1
0.7542204848233585,1
0.7847837316373882,1
0.8931314566886609,1
0.7429295388133521,1
0.9243731197582568,1
0.8341317934816344,1
0.893942064510777,1
0.8791085318568821,1
0.9182107453900766,1
0.9236759820406658,1
0.9114704817028274,1
0.9108942401361982,1
0.6172079823436384,1
0.8543298667303818,1
0.7786875493850708,1
0.9234378316238945,1
0.8921163331505331,1
0.8762455442292462,1
0.9180606643895054,1
0.9235682140397192,1
0.91084457070741,1
0.847516004303478,1
0.895002340933842,1
0.8457873229214633,1
0.8851783751608419,1
0.8953407942662454,1
0.8722822798271853,1
0.9077375918565951,1
0.7786594511814708,1
0.8094724458053767,1
0.9087497659213614,1
0.9348500731591243,1
0.8517174698672514,1
0.909584530164382,1
0.8978929703016213,1
0.93023327575844,1
0.9345306597299871,1
0.925039838215012,1
0.9235900945433722,1
0.8694144708557985,1
0.9056608392722484,1
0.8059509088725083,1
0.9070187401532492,1
0.7650734711003071,1
0.9328507265110152,1
0.8492832854168533,1
0.9075203858848883,1
0.8950623769387375,1
0.9279427342365413,1
0.9319420989780852,1
0.9227715884044647,1
0.7145948814751661,1
0.9222505176582945,1
0.869681040034974,1
0.8808878876280926,1
0.8836221081161215,1
0.7276662937926076,1
0.91862781389196,1
0.823453139139137,1
0.8827058314691794,1
0.8661076046083187,1
0.911146843454456,1
0.9180447081866876,1
0.9034283693138744,1
0.9027295909423897,1
0.8446529780714309,1
0.8807499715633813,1
0.6068113177941361,1
0.8843209217709758,1
0.9192087202766408,1
0.8252239320227385,1
0.8820613507557985,1
0.8654270715597924,1
0.9112487282779443,1
0.9185108982846488,1
0.9038200426159706,1
0.9031133375814969,1
0.8457473402615869,1
0.8531408140525111,1
0.5688911680467548,1
0.8579571875878595,1
0.9013498646522741,1
0.8552558588874366,1
0.8356514051191837,1
0.9011166561656778,1
0.881130661109177,1
0.8805263935746194,1
0.8591368000672049,1
0.9102875119650293,1
0.8169987200794375,1
0.9117578607825947,1
0.9356663656010213,1
0.8543843174761498,1
0.911926742817888,1
0.9002895527312527,1
0.9310594394997508,1
0.9347854436115816,1
0.9262664337776645,1
0.9255777409300846,1
0.8744430775528662,1
0.8832543799319816,1
0.8830447295847003,1
0.7554288919609242,1
0.920068152694141,1
0.835884724493352,1
0.882369702332975,1
0.8657094610513442,1
0.9222118086049277,1
0.9062754384039001,1
0.9038635188977754,1
0.9137486141526479,1
0.7911038404674556,1
0.8322736207079987,1
0.914860591284349,1
0.9350962434691116,1
0.859625220812576,1
0.9156500261574351,1
0.9062235715452467,1
0.9317077571830338,1
0.9339622447560447,1
0.6709468554595143,1
0.9276810090361238,1
0.9267215454977401,1
0.8774014479116236,1
0.8908284139468897,1
0.7815169313230974,1
0.8399879514921854,1
0.8802674200247791,1
0.8911145239120518,1
0.8679780833027733,1
0.651867790295411,1
0.8012215198763726,1
0.6706817391680184,1
0.8151601311281962,1
0.8605955005187589,1
0.8727829475715265,1
0.6332157420016686,1
0.8877400568102276,1
0.7805807538198134,1
0.8902960998017325,1
0.9224454320186238,1
0.8325143839538447,1
0.8902530250413144,1
0.8750218444680464,1
0.9156582342516373,1
0.9217474786912251,1
0.9087652683546356,1
0.9080882078815204,1
0.8520426629928481,1
0.9084962778065871,1
0.6504615032111798,1
0.7877471620234112,1
0.8210456992738105,1
0.9079800649171171,1
0.7941722303337113,1
0.9274558373120009,1
0.8579290934389141,1
0.9092658177706503,1
0.8997865767807067,1
0.9251259384183168,1
0.9262297270780178,1
0.9214274868538882,1
0.7259475029203762,1
0.9205495815577679,1
0.6674350784515894,1
0.8716786324090086,1
0.901812953604658,1
0.9043232162705191,1
0.9334697812220378,1
0.8442007966824248,1
0.9047987473576475,1
0.8907717551672509,1
0.9281023488464304,1
0.9329946639009167,1
0.9213204329679257,1
0.9208400035243454,1
0.632388106908294,1
0.8615675056480817,1
0.9050982976118676,1
0.7784589198463419,1
0.8113969227429609,1
0.9070662405556089,1
0.9313004344312787,1
0.8518426043846511,1
0.9071189796792715,1
0.8951034032676037,1
0.926526684642213,1
0.9303036577603698,1
0.6445887828448682,1
0.9215262636530881,1
0.92092938812476,1
0.6436531744279846,1
0.8708464016853128,1
0.6348870157129922,0
0.5115718353461889,0
0.7371543902148988,0
0.6412429576994889,0
0.7353415604438781,0
0.7292815340161408,0
0.741125922718754,0
0.6937646721107933,0
0.6483129632507775,0
0.6902764608457989,0
0.5158146580443936,0
0.5880632476133462,0
0.6962867076828629,0
0.7540752800220278,0
0.5860464095226665,0
0.6656451360638945,0
0.7138563112634918,0
0.8071294204239708,0
0.5391986754001348,0
0.6456235880899562,0
0.6121117582134408,0
0.6592487184452697,0
0.541705469450885,0
0.7127735738365486,0
0.6923301650109037,0
0.5226877234636408,0
0.5435729473823583,0
0.6266752731716108,0
0.6446170902002074,0
0.726493569794058,0
0.724130033888382,0
0.6747152286065194,0
0.741975191287655,0
0.674308402666319,0
0.5945516257379202,0
0.7008002039665125,0
0.5222367986557183,0
0.6210441426617083,0
0.6710970353203505,0
0.6987752199705453,0
0.7669151252723696,0
0.7291603365148436,0
0.6876557031333671,0
0.5068977753838895,0
0.6397574290711249,0
0.6349280626155106,0
0.7356689519706796,0
0.6606603987758313,0
0.7677602021850303,0
0.7950045637956062,0
0.6643010395374176,0
0.6833861016919619,0
0.7539626481988168,0
0.823822885145931,0
0.8653666776432225,0
0.6003872444434819,0
0.7674753992961163,0
0.751113308408443,0
0.8251205827796662,0
0.5652231083186722,0
0.6946551016793405,0
0.615802940389284,0
0.6386202163924963,0
0.5571284666689028,0
0.7791896356101337,0
0.7518328574676594,0
0.6252046034929497,0
0.8048336205073702,0
0.6945897324283052,0
0.7247848937379046,0
0.8127272217433359,0
0.7054736887872466,0
0.6899200239670109,0
0.6012295931431413,0
0.5235496477523143,0
0.5885059576675163,0
0.7413294933055482,0
0.5909208546444205,0
0.6403098438507823,0
0.7727162582972469,0
0.5497819672303756,0
0.7154387281631255,0
0.5996371687491643,0
0.5842073265253176,0
0.7233771122134703,0
0.6791540602956396,0
0.6298692772369707,0
0.889196672269834,0
0.6662560896813915,0
0.6390100098174025,0
0.6490577899697237,0
0.6387199893073662,0
0.6625068307087244,0
0.5898031158596371,0
0.6268985862284004,0
0.8132179776658367,0
0.7030524350365376,0
0.7498641003222494,0
0.6767773858351446,0
0.6957382885319945,0
0.676853383645378,0
0.7908332346578606,0
0.6894118675400037,0
0.7423569250290529,0
0.6202443917166734,0
0.9195410178853279,0
0.5387020764557675,0
0.6934306588571999,0
0.7173633670800964,0
0.5354606513750318,0
0.7250035682024344,0
0.6632385874870197,0
0.7283376013431284,0
0.8029158748435888,0
0.8268237706533464,0
0.7820205913068773,0
0.6297553259686482,0
0.7288548311460843,0
0.6877366209341306,0
0.721604881883362,0
0.8430314499537396,0
0.6432700315703591,0
0.6857722154761857,0
0.7255269415985616,0
0.7187472414790435,0
0.8074396918580244,0
0.6226700248984403,0
0.6641941081658341,0
0.5613927569642194,0
0.6137432143163483,0
0.7683267253640288,0
0.7196870193928118,0
0.8426514971929916,0
0.5593960983605161,0
0.6805900267485244,0
0.6282323218660456,0
0.8252126649175089,0
0.6342729071665638,0
0.6640192074844435,0
0.6041941112978074,0
0.8386067890252225,0
0.810564456677498,0
0.7749995615351086,0
0.7269648783314526,0
0.5178758843479193,0
0.8304865783867407,0
0.669823569905212,0
0.8914452229325192,0
0.6011318866035353,0
0.4949154823627374,0
0.5895374215986849,0
0.8032663012933429,0
0.709430427820492,0
0.6127003560725012,0
0.6155460648654786,0
0.6364062860634864,0
0.7609957301079356,0
0.7906951257219166,0
0.7172772823802085,0
0.6548312176924448,0
0.6835138109248683,0
0.6556524735334625,0
0.5946063231587277,0
0.6681395939548932,0
0.5756801669541535,0
0.6839730252966815,0
0.6974239716788073,0
0.59161814440286,0
0.6047926911849568,0
0.6373054783370724,0
0.666635234482435,0
0.6885835031670093,0
0.6627743040341942,0
0.7225654681757206,0
0.6761752716207533,0
0.5786576377520349,0
0.5951933800731314,0
0.7422897104338629,0
0.7606248117722987,0
0.659098038885725,0
0.5412881104673103,0
0.750133642411829,0
0.6815020613074995,0
0.8849033422442419,0
0.727607198337528,0
0.8399526963650812,0
0.7669666136144409,0
0.7186973697070224,0
0.6063143544161392,0
0.5403833338704619,0
0.7047553125213409,0
0.739967844896163,0
0.6719717698161847,0
0.6149941183330191,0
0.8386074162168299,0
0.6277499739252496,0
0.5308085889445335,0
0.6495663574305323,0
0.7412289604500069,0
0.618719631330142,0
0.6450633078349047,0
0.6104720914247924,0
0.5991728071184415,0
0.7584695518033082,0
0.7574905008584789,0
0.6470247528016613,0
0.7419850485399422,0
0.837617503802554,0
0.7014145690445049,0
0.6291765198165803,0
0.7493386065263479,0
0.6180091825329929,0
0.6108485097804236,0
0.6321728001217986,0
0.5440631980444561,0
0.6274746450541999,0
0.5053758311400677,0
0.7327915739053427,0
0.7376772896714835,0
0.8546539731116959,0
0.5627073864375918,0
0.6741237655830233,0
0.8622339097596147,0
0.736175360918378,0
0.6381959375574504,0
0.634467698058687,0
0.560379212075021,0
0.6056678305669692,0
0.745977846590689,0
0.5802730313559128,0
0.5607244143257739,0
0.6303136289257317,0
0.8138098639587367,0
0.8272840714927189,0
0.821544312777421,0
0.8780925042492623,0
0.6694972577453884,0
0.6744906577141415,0
0.6105554548084374,0
0.5731948677407396,0
0.7478798804221071,0
0.6918724983593376,0
0.5409501119385376,0
0.5432582400133137,0
0.7933912570769125,0
0.7226827044147962,0
0.6144664072907219,0
0.6839490858488169,0
0.7038044469346082,0
0.6179473358498145,0
0.6029479232719142,0
0.6912536106301695,0
0.6595766432077469,0
0.5973636612262462,0
0.8493903731854757,0
0.5814914165981799,0
0.8037193800284257,0
0.6374310421569082,0
0.5951165100228702,0
0.8594262393429498,0
0.7732952725038473,0
0.5653498438180354,0
0.6758920943486619,0
0.8825100978771298,0
0.6994471457866953,0
0.6838217004879463,0
0.6486581513993596,0
0.540774442353913,0
0.7909882351077921,0
0.7216322037451312,0
0.7304935044543165,0
0.6112511172192473,0
0.7460316060288023,0
0.6154722152058745,0
0.666456059489995,0
0.878945807242815,0
0.6371197961828632,0
0.6720944568441989,0
0.6816042384855177,0
0.5709842947098239,0
0.8364289359437024,0
0.8438068188864175,0
0.7890906575437978,0
0.8516594858816234,0
0.7503980536238716,0
0.7609672254374598,0
0.7075419194273024,0
0.6621441125859492,0
0.8274719879870359,0
0.7055154370929777,0
0.69903556494639,0
0.7045581902216962,0
0.5856619477603097,0
0.6093104962803491,0
0.7134769094340058,0
0.7580129109204818,0
0.6331153151616067,0
0.8519545877163136,0
0.6518940062075166,0
0.6933841308436985,0
0.640395541782532,0
0.6684484134495626,0
0.7062602586990934,0
0.847310267929053,0
0.5761425045058914,0
0.6526156695192362,0
0.7073878600120043,0
0.632041553448612,0
0.7838153508817947,0
0.6121939756341904,0
0.6232132460836219,0
0.6723450584068333,0
0.8799289892456936,0
0.7286137345831573,0
0.627252469372864,0
0.5492899974128482,0
0.737579732920316,0
0.6523346657198198,0
0.7564656668591423,0
0.5274579241316538,0
0.6477398444519225,0
0.8370007686119686,0
0.7304404059399339,0
0.741030693657518,0
0.6702427839206612,0
0.8846531878125454,0
0.5968268722400185,0
0.6176114923313075,0
0.7927336815976891,0
0.7097661203312725,0
0.6561336478413604,0
0.6332154976838988,0
0.7101813828495864,0
0.7855508350675467,0
0.7921980117567324,0
0.8254234610734603,0
0.6335864163734095,0
0.7780157612004608,0
0.6966629607908432,0
0.6529032243155805,0
0.5385731398463254,0
0.6044019923735094,0
0.5565747690743299,0
0.6363380123055878,0
0.7288876899668675,0
0.6621414256086972,0
0.5791682816003103,0
0.5526549310504417,0
0.5801433727861893,0
0.64563650711707,0
0.5553882843268568,0
0.8048793112210798,0
0.6040126742569699,0
0.8331639522893587,0
0.6510409715043434,0
0.7245163146557071,0
0.5484139108669231,0
0.5619191148683784,0
0.5905200664847914,0
0.729352260324422,0
0.5712838876392297,0
0.5859141429043344,0
0.6469664492042984,0
0.6405179507591958,0
0.8124530653133704,0
0.666669513618884,0
0.6224163489377467,0
0.5939098856523511,0
0.7232544284450401,0
0.814557133372118,0
0.8316567626838927,0
0.5150321749838297,0
0.6597414778512685,0
0.5731664531539118,0
0.8302327115311549,0
0.6023480433468996,0
0.8860937694071904,0
0.5758331322913908,0
0.7550120085132839,0
0.7054568556385774,0
0.8449117575946227,0
0.6751434253635641,0
0.6191834040851244,0
0.7657791320744122,0
0.6629465580097059,0
0.6120766855111077,0
0.7032775405136087,0
0.6224643927528261,0
0.6659107405796729,0
0.6185706133243322,0
0.6840884067707103,0
0.5852925507659585,0
0.7724214170292925,0
0.8325147395150732,0
0.6411462493774804,0
0.5250232781533383,0
0.7981392709130529,0
0.5636115057793938,0
0.686034355687153,0
0.7008351604272817,0
0.6590598394934719,0
0.6672208150934265,0
0.6566501089537988,0
0.6219147368702964,0
0.7100172331884782,0
0.5973781395155594,0
0.7945844673648216,0
0.6084197604650414,0
0.6580638045624476,0
0.6244444226663696,0
0.663197119179592,0
0.6517306566270898,0
0.6618216129832571,0
0.5892151267153207,0
0.6648935332986291,0
0.6054797562410444,0
0.694345889635629,0
0.6001775271370825,0
0.6991256796868563,0
0.7327371174829724,0
0.6586531134387248,0
0.7569255280704098,0
0.7113169893184281,0
0.6093585982543384,0
0.6916419744963677,0
0.6821808709756492,0
0.7511770070715187,0
0.6840977153676224,0
0.8301772965048083,0
0.5912201628080841,0
0.6890685610151639,0
0.6014773956347149,0
0.6616266664547963,0
0.7659756820504406,0
0.7648193945467195,0
0.689401837383916,0
0.7733623856997022,0
0.6455148536577422,0
0.845532512958446,0
0.7944378961829388,0
0.838010756840122,0
0.7047737678437236,0
0.8488768355224794,0
0.649659096532763,0
0.624075206971223,0
0.7807522265617208,0
0.516511222375807,0
0.7345411548026145,0
0.5378621590636538,0
0.6597023663809104,0
0.6147250395418896,0
0.6297594634086542,0
0.753771649435824,0
0.6212529676550926,0
0.8663475601001154,0
0.6466972196719301,0
0.5223710773410558,0
0.7491949357736559,0
0.6859244159010891,0
0.8161599282612686,0
0.7159614955857083,0
0.7564201651484022,0
0.8103758307312363,0
0.6897683186996643,0
0.6347450614580904,0
0.7091652531524415,0
0.6241380094036556,0
0.6885280238627943,0
0.6677297972208469,0
0.5500106019078131,0
0.6826924570521941,0
0.7151283135541241,0
0.6660858192427654,0
0.6331698074198683,0
0.8631103240170828,0
0.6940802500370382,0
0.7322352648545687,0
0.5411816161737791,0
0.6305883518359279,0
0.5224848513524627,0
0.7046098759425526,0
0.5929842052572865,0
0.6651800016354025,0
0.7797686643487325,0
0.7644023352472894,0
0.8849520044644429,0
0.6598336342232006,0
0.6088409247416178,0
0.6498827791345108,0
0.8043513106419924,0
0.6419316612740154,0
0.8358400744722068,0
0.6553117252055454,0
0.7989287994319292,0
0.5990946546122434,0
0.6031011071054961,0
0.602720786959313,0
0.8602775744972709,0
0.6280211404957415,0
0.8181578301815484,0
0.6840460893564794,0
0.8029063830404055,0
0.5931058054778925,0
0.668873004604139,0
0.6979180558781345,0
0.6135008824660846,0
0.6469619874573592,0
0.5674554683185996,0
0.5389621596153963,0
0.6373234439347237,0
0.541977484988729,0
0.7451317287353627,0
0.8192499236922196,0
0.5806594285323384,0
0.852994852661889,0
0.6112133310658787,0
0.8485494226562043,0
0.680916090050135,0
0.6538678096041625,0
0.6611294632963021,0
0.6714204189461128,0
0.6469370252609167,0
0.6401504215383581,0
0.6447592021544956,0
0.6732454058029207,0
0.5896797265444487,0
0.8617947778366946,0
0.673737024070118,0
0.6947027833586915,0
0.6233993545596422,0
0.6748625655196907,0
0.6374005904699245,0
0.8502004271435941,0
0.6923118739198727,0
0.5433153439753614,0
0.7258158582817142,0
0.5869989740861257,0
0.5879001165032787,0
0.6737927562303,0
0.6302531357753596,0
0.6101874685693504,0
0.6830494041935329,0
0.6612754056773105,0
0.6330687493158849,0
0.7305563024545745,0
0.8500768977801155,0
0.6278953360138491,0
0.6178864879447709,0
0.6109699973174157,0
0.6231878676798209,0
0.6720323596585673,0
0.8369493739183862,0
0.8104252728935591,0
0.6137665248350125,0
0.8071871094425367,0
0.5976362322757413,0
0.7660257222672131,0
0.7715735292716699,0
0.6438941608331972,0
0.6170384860469066,0
0.796202198688247,0
0.6563569144106661,0
0.8916395885566315,0
0.572620432299787,0
0.5122631998340287,0
0.8274482426105525,0
0.8134151301748609,0
0.7067320642695334,0
0.5612872221072068,0
0.7266424128499432,0
0.6886648032023232,0
0.6164472386812209,0
0.6540267365067468,0
0.8403696167004592,0
0.5608337213162463,0
0.681768534291315,0
0.8046204790635372,0
0.7508796458479212,0
0.5478553514160542,0
0.6134313873292193,0
0.690349417162846,0
0.7665076050734531,0
0.6735790998578312,0
0.7932800152623304,0
0.8134147816185112,0
0.6334851268351284,0
0.7282266218304894,0
0.6736952083213466,0
0.7803274261139199,0
0.6991215708077445,0
0.6227051828810417,0
0.8096147745808093,0
0.6174999396040298,0
0.7381063286509679,0
0.7466058858045276,0
0.6992931229866072,0
0.6697096089387596,0
0.5450772759063665,0
0.7677428809315856,0
0.654761394168986,0
0.6745871079441007,0
0.5581645512783903,0
0.677666808242713,0
0.6535516800621165,0
0.8573762008030406,0
0.6947399650038665,0
0.6900534475293462,0
0.660083473020634,0
0.8121799204056688,0
0.6787365922435824,0
0.7381776319200724,0
0.6458433812038281,0
0.7211808913748703,0
0.7227941721657192,0
0.6385288320070289,0
0.732992870648207,0
0.6337720543812488,0
0.7794517451625178,0
0.5985197784515205,0
0.7016863948802837,0
0.5821419351176625,0
0.8476578925749089,0
0.7132192893551477,0
0.6505585725267894,0
0.6108459690744815,0
0.6157728013967841,0
0.5904945463939821,0
0.6199224924237041,0
0.6038643178939913,0
0.8236689067998577,0
0.5094554432332714,0
0.5871193764209492,0
0.7238821965198519,0
0.6571294027531683,0
0.7265424473529883,0
0.6368170668803702,0
0.6186250016878828,0
0.7009251378967394,0
0.7288099368621194,0
0.8643234148984378,0
0.6458878855105217,0
0.8242785058157897,0
0.6645527232163755,0
0.8081862940738942,0
0.8014699424764561,0
0.6328556536973907,0
0.540599439574024,0
0.7703380812434206,0
0.8590408783737273,0
0.6829275819213472,0
0.6458623900747467,0
0.6581492887487208,0
0.6361047677277679,0
0.7084399863013097,0
0.7121840324902006,0
0.6477111950662799,0
0.7570138880925098,0
0.6084001520030174,0
0.7654766549551942,0
0.5370925250401306,0
0.7963107095778367,0
0.8301841163188763,0
0.7000262135063786,0
0.7199547815779139,0
0.6152567892847451,0
0.6939084864056301,0
0.8029241642297028,0
0.7882247153733518,0
0.7029837684320132,0
0.657481091294913,0
0.5741100242168603,0
0.834615097761129,0
0.6442347926848829,0
0.5983816611656549,0
0.7512967107168346,0
0.7510348247088383,0
0.6990109700988146,0
0.7455128618502341,0
0.6005000391421678,0
0.7134199638891866,0
0.6688268799243152,0
0.543942078547958,0
0.6172900101484551,0
0.6942732364861226,0
0.8407978251422525,0
0.6252186668053719,0
0.6260479595466745,0
0.8862452558211964,0
0.7670023390734637,0
0.5279961399851612,0
0.6968560132357562,0
0.6555623633092029,0
0.7769756745724927,0
0.6504786140643254,0
0.845186612601861,0
0.7089247800574565,0
0.6169067314269184,0
0.5812968532369543,0
0.7825328428265573,0
0.8504042020678003,0
0.6450200611564638,0
0.6812910361232375,0
0.8234748835340508,0
0.5636587024932161,0
0.8363671204569286,0
0.6943373717093805,0
0.6986812940090691,0
0.4838675770851038,0
0.5499067484643217,0
0.840781366911565,0
0.6979687730758668,0
0.6623937694291777,0
0.6797798984291253,0
0.6499079163965591,0
0.558975267885004,0
0.7992955365011751,0
0.6426671278909598,0
0.574503544360686,0
0.6798277103014255,0
0.6049579438069086,0
0.6427778710020281,0
0.6843448272806514,0
0.8266913140325101,0
0.6439020184489865,0
0.5809389061627037,0
0.5255456457358338,0
0.5838728242378441,0
0.5638525320937907,0
0.649552411161646,0
0.6177745466923859,0
0.7832532444778958,0
0.8453738894161222,0
0.5177658126930595,0
0.6445320054977269,0
0.5634926043542148,0
0.8499060830092116,0
0.6290253775715595,0
0.5931666262875991,0
0.7535154493927433,0
0.6285154236765872,0
0.676911974879454,0
0.5745595013933164,0
0.7137237955268143,0
0.5408212111027063,0
0.6009085584773919,0
0.8597635201415911,0
0.6086653925856791,0
0.5741449626732802,0
0.637770862464223,0
0.7514077988058931,0
0.8267118012172087,0
0.7067785878786569,0
0.7486192174485201,0
0.8372963895490747,0
0.5615279807130291,0
0.7640823106844886,0
0.5798430834269515,0
0.6833014922083698,0
0.7518655644954878,0
0.6695892563687891,0
0.5506843468156629,0
0.6949809312588145,0
0.7338108339219613,0
0.6636107055323693,0
0.7774851252209556,0
0.6608687833841287,0
0.5845445351672979,0
0.7041068776845847,0
0.6803306022741713,0
0.5947664596439179,0
0.664397439683473,0
0.649792309659943,0
0.5022974381277338,0
0.7522284935522366,0
0.673376902551474,0
0.7889532023293917,0
0.5355445172485338,0
0.5867287089467825,0
0.5998957927002256,0
0.6105430608815665,0
0.7886417865982576,0
0.5885507974279103,0
0.6368760188377048,0
0.6439372052982664,0
0.7885982482842155,0
0.6654170425830024,0
0.8595294748345096,0
0.772370115783328,0
0.5958309658392168,0
0.7994038291820013,0
0.6526005902235177,0
0.6830341880130034,0
0.668138804560928,0
0.6073842488730262,0
0.5602738688807506,0
0.5039193941381033,0
0.6988311756514136,0
0.6369274816377881,0
0.6595394814690542,0
0.6656704391647414,0
0.8351225565332672,0
0.665159316607736,0
0.7703429110166375,0
0.6081429870506229,0
0.6021260987587934,0
0.631174258546959,0
0.581798565438796,0
0.6560616782952171,0
0.7402590969440285,0
0.6269643186674104,0
0.605360454049499,0
0.6283114018860713,0
0.5828156113922445,0
0.7483238027483075,0
0.672430812754039,0
0.6235300112743836,0
0.5877817922247641,0
0.5835375196002799,0
0.6156508231383089,0
0.628680608683328,0
0.5338424734852556,0
0.7235057086260764,0
0.6443517945870747,0
0.5475359443232057,0
0.48103430992237156,0
0.7722866388229441,0
0.6423342535475175,0
0.6497455439711292,0
0.8672396934825382,0
0.5968814913716537,0
0.6499324011955422,0
0.6448088941186686,0
0.6173396247351015,0
0.5949271320407538,0
0.8372176188396492,0
0.5839266136787574,0
0.670777065282309,0
0.7048990862141012,0
0.6829785475775285,0
0.5643166354568303,0
0.6674810857605307,0
0.5614273395840791,0
0.5898307554735213,0
0.8082936096259177,0
0.6291484049875833,0
0.7966503253596988,0
0.6560773235953132,0
0.6627552262439346,0
0.6376967665715568,0
0.6642944177050262,0
0.5687448588855767,0
0.8469854535960902,0
0.6410386768389993,0
0.6371239474140347,0
0.6410303695069482,0
0.6530894790738797,0
0.6804984753340149,0
0.7441083077727612,0
0.5593065928933258,0
0.7608330173968438,0
0.647516562051354,0
0.7505160197214958,0
0.6229628068422025,0
0.8163531045836303,0
0.7074434507068011,0
0.5891210695484472,0
0.5301754970252478,0
0.6933905177659938,0
0.5985579962321065,0
0.5964793672862337,0
0.7294911900764809,0
0.6589503112154725,0
0.6946339921495596,0
0.7011199688870623,0
0.640817478738456,0
0.8541942644455808,0
0.7276282105105677,0
0.7963800407992879,0
0.857656864354609,0
0.835494268003514,0
