0.908045382488571,1
0.7736643760871474,1
0.809055489488833,1
0.9128713513243456,1
0.7814335093456913,1
0.937714557028569,1
0.8586271093016153,1
0.9177708304011112,1
0.8990337868026965,1
0.9324454114150571,1
0.9351672695508542,1
0.6275052202538629,1
0.9285659629682619,1
0.7052686900976092,1
0.9284585261349496,1
0.8715760501107664,1
0.9020074387062895,1
0.9036547100549536,1
0.7868357694192579,1
0.9356200879589468,1
0.8567407659157005,1
0.8893712714598129,1
0.928855253404203,1
0.9330526849060214,1
0.9254763767798699,1
0.7081684642846604,1
0.922840676301542,1
0.8641524087963985,1
0.8748860829401981,1
0.8822382086310455,1
0.8627825862030979,1
0.8702068431572304,1
0.7234898934953434,1
0.8802195869723142,1
0.919742297323643,1
0.8848695579008672,1
0.8553995742616306,1
0.9105420147124613,1
0.916293434993423,1
0.9028165267703177,1
0.9034295309342533,1
0.901290741919051,1
0.6258987562496876,1
0.7702357840175093,1
0.8018774790443873,1
0.9022429907741957,1
0.7910909574123728,1
0.9265115928821608,1
0.8558357756606924,1
0.9090392185046988,1
0.8915665609622867,1
0.9219194471543823,1
0.9241257896545356,1
0.9197201673460454,1
0.7091563416174531,1
0.918090099234998,1
0.6489654851655272,1
0.8648795785245337,1
0.9101105090873916,1
0.8170227577249347,1
0.9122020602286903,1
0.7936725105213673,1
0.9341043818157384,1
0.8613256081243029,1
0.9181350870439273,1
0.9020628440174355,1
0.9301783316239186,1
0.9318662907475357,1
0.9275814925231498,1
0.9267977538972182,1
0.6542553686995027,1
0.8737626899630606,1
0.9029859135466318,1
0.6280741033348576,1
0.7729531590689761,1
0.808907492588983,1
0.9041731135930237,1
0.7911805346129109,1
0.9266047361624828,1
0.8564442279883725,1
0.9107536102526148,1
0.8946457571717371,1
0.9226964104223484,1
0.9242564798911703,1
0.6065164719702476,1
0.9204497136273599,1
0.7060658763191084,1
0.9189861766779757,1
0.5664433660589329,1
0.651895287883887,1
0.8664584574661841,1
0.900371298828163,1
0.6255497816464428,1
0.771321947823268,1
0.8052509072174698,1
0.9016622754241231,1
0.7904455013487058,1
0.9249869133541779,1
0.8544196363026286,1
0.9086949615216403,1
0.8920951695878114,1
0.9209247939716364,1
0.9224537938779008,1
0.6022031947221141,1
0.9186330063724342,1
0.7055156697603707,1
0.916742976652133,1
0.5632660394245683,1
0.6497501544935531,1
0.8639892687528512,1
0.8915813805192654,1
0.7513591508894281,1
0.77389499052957,1
0.8990857244711534,1
0.9308837683168075,1
0.8421911281290869,1
0.9033173555214871,1
0.8788109178118775,1
0.9233184387839436,1
0.9277464170233762,1
0.9176543995085921,1
0.6971972794006306,1
0.918637844613918,1
0.8554071652960453,1
0.9016971776834036,1
0.6267605607803137,1
0.7654107297802561,1
0.7945763954490439,1
0.9080718368540732,1
0.7684560642776314,1
0.9342158167563306,1
0.8555201148989805,1
0.9116475327165148,1
0.8908519539060236,1
0.9280170822430754,1
0.9314832840849585,1
0.6163143563701927,1
0.9237773230479599,1
0.9245487905715362,1
0.636313520386864,1
0.8672586730219831,1
0.9061311728416871,1
0.7956683371581654,1
0.9106382714801516,1
0.7803262562545722,1
0.9399837158983748,1
0.857475796346468,1
0.916453334048884,1
0.894802634280584,1
0.9334922380571371,1
0.9373185255148867,1
0.9293498564765933,1
0.92920288508208,1
0.8699289299164744,1
0.7789041568304881,1
0.8856982881174201,1
0.8996010404768625,1
0.785003162230488,1
0.9055790624779259,1
0.7656563960589097,1
0.9356699655515163,1
0.8493414399687472,1
0.9102714153710108,1
0.8875007755236575,1
0.9288907915818047,1
0.9327612438620395,1
0.9242911403232711,1
0.7012144930547061,1
0.924107733940747,1
0.6251100002667963,1
0.8628598983474838,1
0.9014364553004139,1
0.7575084433698014,1
0.7857973929258375,1
0.9066334209630932,1
0.9371231922259801,1
0.9121975956313937,1
0.889357083546707,1
0.9303966817804593,1
0.9343257325786155,1
0.9257804722162617,1
0.9257843862032086,1
0.8641681296163931,1
0.9046591043668012,1
0.8064104081838536,1
0.9099588629126599,1
0.935446632995395,1
0.8548387159317454,1
0.9147543630457372,1
0.8952486632442089,1
0.9299034675731312,1
0.9328828836724157,1
0.634607046353677,1
0.9256913155012756,1
0.9258596193514785,1
0.8688999593476648,1
0.8501448673511044,1
0.8985626780789345,1
0.8547663938990843,1
0.820825994307259,1
0.8868446530082783,1
0.895183148719033,1
0.877678975479529,1
0.651944426997274,1
0.8772101994589827,1
0.5557521899106117,1
0.8041610178618703,1
0.8971640154223849,1
0.9008587421558524,1
0.767159082195254,1
0.9313339350070495,1
0.9084112108607135,1
0.8863419117157391,1
0.9260657295913706,1
0.9278239363360735,1
0.9216289641279464,1
0.9203020575202959,1
0.8937820563742058,1
0.7483723814640544,1
0.8981876841131777,1
0.7665954694297539,1
0.9324033968960846,1
0.9043693435476381,1
0.8803387588484515,1
0.9246012866884444,1
0.9303930330673486,1
0.9204069501350242,1
0.9197153503659784,1
0.6185622406031075,1
0.8544192120151055,1
0.8596033057405039,1
0.725608127919997,1
0.8683341626875578,1
0.9119146338921893,1
0.8076910821635811,1
0.8732048721591398,1
0.8420384231623909,1
0.9011055256675047,1
0.9086470457691393,1
0.8935427339304828,1
0.6677294104540565,1
0.8936121548294783,1
0.8238796218704247,1
0.910156895749252,1
0.7802533874712267,1
0.8179393752230512,1
0.9117142185640651,1
0.79516170282907,1
0.9336387930649344,1
0.8633439124638412,1
0.9180291779818308,1
0.902669802460269,1
0.9296698749285152,1
0.9312791602360346,1
0.6221690459150544,1
0.9273491950769195,1
0.7117764872343094,1
0.9260415635529162,1
0.6589937896326117,1
0.874195842304489,1
0.9012587458513102,1
0.7895922713630832,1
0.9064995488702065,1
0.9361605030209299,1
0.9116339461930646,1
0.8896136372586838,1
0.9314873302395702,1
0.9341294870569862,1
0.9252388349004476,1
0.9253487503276261,1
0.8729028201125568,1
0.7282680260797233,1
0.7463323368186319,1
0.881673976632885,1
0.9219435178126443,1
0.8225147592641223,1
0.8862996635969967,1
0.8576039903036361,1
0.9123298380572898,1
0.918518326404474,1
0.9049016957873105,1
0.9051220775343577,1
0.8358645499398865,1
0.9079952002460145,1
0.7744063618132531,1
0.8141798356406916,1
0.9113176979596137,1
0.7844079948077353,1
0.9348645230091048,1
0.8567644113868578,1
0.9172492504320506,1
0.8999712084452695,1
0.9304738006725515,1
0.9325300599401702,1
0.6349448616572303,1
0.9269559544327909,1
0.9264653446354306,1
0.8704034545144711,1
0.9039014776943796,1
0.7648084328667832,1
0.7985911699806857,1
0.9096237747428553,1
0.7735762875051838,1
0.9371549286550097,1
0.9146449976434984,1
0.8937379351093054,1
0.9312342820886331,1
0.9344341767059443,1
0.9266962389112886,1
0.9268614820792223,1
0.634852707337944,1
0.8721489585647707,1
0.8812347180644615,1
0.9200977796787345,1
0.8854925459661614,1
0.8564157211670754,1
0.9108400089175553,1
0.9168479512198757,1
0.9040031758191963,1
0.9039796356459857,1
0.8353551042206192,1
0.9028647494582308,1
0.7679230565366025,1
0.7965434250113536,1
0.9087550339145128,1
0.9349373521879611,1
0.8547516562023171,1
0.9125784753245114,1
0.8921042285701293,1
0.92884213445368,1
0.9322178683777593,1
0.9246380262578401,1
0.9251382583350207,1
0.8682880741892683,1
0.9039267774968828,1
0.7673253600980299,1
0.7966844314026827,1
0.9059024417014343,1
0.7884018562981122,1
0.9339457246959794,1
0.8578967065302935,1
0.9132021627881627,1
0.8933216302567096,1
0.9289605990287042,1
0.9311889163038589,1
0.9262784028593206,1
0.7099960289103767,1
0.9233444325467177,1
0.8672663893706972,1
0.8526327719123032,1
0.9078173613655822,1
0.8107943494762068,1
0.9116896606589409,1
0.7832250153069888,1
0.9365874982448904,1
0.8561743643872204,1
0.9176364742979578,1
0.8995362542168478,1
0.9317745202705814,1
0.934185775737188,1
0.9278970454269526,1
0.9275124089510813,1
0.8821680264214504,1
0.758395170505994,1
0.9277439543514335,1
0.8379086467097071,1
0.9175943535541585,1
0.9247531244606797,1
0.9132559937368481,1
0.9104982407699871,1
0.8985405568871373,1
0.7591222833421299,1
0.9043850858762564,1
0.7686505403807573,1
0.9373523498665732,1
0.8518696770874387,1
0.9098634525438323,1
0.8860875421994657,1
0.9296581288621195,1
0.9344904558105279,1
0.9247652779100678,1
0.7031838399888294,1
0.924117419428838,1
0.8625327507585944,1
0.8901618529985567,1
0.7731622826129694,1
0.8962349711856832,1
0.7577023389575307,1
0.9290878284660814,1
0.9012872406033513,1
0.8763294093731301,1
0.9243498790637018,1
0.9270510056430769,1
0.9172263096844239,1
0.9165152646138817,1
0.9028556511573966,1
0.7991479453000148,1
0.9087611068742854,1
0.7714713241673073,1
0.9342690166960606,1
0.852998993541498,1
0.9130703297425874,1
0.8928427851950995,1
0.928561236545664,1
0.931555204151755,1
0.6233602561967494,1
0.9243689278753137,1
0.9248506572027475,1
0.8666157600767909,1
0.6711710124260182,1
0.8814566960550604,1
0.8698205537121744,1
0.8780746257583626,1
0.8953624699079324,1
0.6192621721806743,1
0.7865688297338647,1
0.9033290090421644,1
0.9323051661367956,1
0.9067196709532344,1
0.883619060829549,1
0.9253408253744841,1
0.9293103393272378,1
0.9201375035039628,1
0.9208235902481031,1
0.7780680740359318,1
0.8871418405021636,1
0.7695933369194042,1
0.8959256451439565,1
0.9289807945517645,1
0.9004820066238859,1
0.8749151598144842,1
0.9214176420608791,1
0.9257407604194565,1
0.9153369608106591,1
0.9159024156275288,1
0.8490175052349966,1
0.9097283485705475,1
0.777245608924517,1
0.8079281698614622,1
0.9144310244671011,1
0.7855514683394209,1
0.9396593654543025,1
0.864880902199024,1
0.9189978152193083,1
0.8997259437189972,1
0.9338448035098286,1
0.9370756004623029,1
0.9303224681007153,1
0.7142556313456729,1
0.9301928894291953,1
0.8760707569618292,1
0.8574523093099792,1
0.8658303040477103,1
0.8223553423894324,1
0.8852845793787929,1
0.8821103970968254,1
0.8833939798303552,1
0.9055099889777323,1
0.7654877660248975,1
0.8021382514432132,1
0.9077062818122865,1
0.7874756925403297,1
0.9316745136393684,1
0.8561057124190954,1
0.9129946584111972,1
0.8949597527612375,1
0.9289934148791378,1
0.9298559945421654,1
0.6018973135213666,1
0.9239943172260247,1
0.7038630876346449,1
0.9245030595046019,1
0.6459819559094641,1
0.867772142198927,1
0.9041850780825783,1
0.7991700923916286,1
0.9088760492268545,1
0.777976923006932,1
0.9353448005217351,1
0.8541913840458598,1
0.9132616695480557,1
0.892609435683265,1
0.9314618095424108,1
0.9335327850056125,1
0.9263663377555322,1
0.9259901415031424,1
0.8654341243465807,1
0.8425567199265673,1
0.8520581018112267,1
0.900452510248002,1
0.7905558896684471,1
0.8573317904237792,1
0.8887766732626231,1
0.8969827333217643,1
0.8799066386100441,1
0.8071222329568403,1
0.9087059781375175,1
0.7689181584959283,1
0.912306934505996,1
0.7800583749858421,1
0.9398328121526017,1
0.8568343259962277,1
0.9186665498601586,1
0.8986593993626916,1
0.934303885971867,1
0.9373807977777594,1
0.9307363155054117,1
0.7053402440844627,1
0.9298169971216489,1
0.8709919486961134,1
0.8493095518217115,1
0.858809783519343,1
0.9050846938042716,1
0.7973160889305516,1
0.8939309214642426,1
0.9017102788030941,1
0.885370042481966,1
0.8850935410877773,1
0.8834399666438073,1
0.7643727520463254,1
0.8925127629225449,1
0.926368115748519,1
0.8971465195587619,1
0.8708729167914359,1
0.9184441200373518,1
0.9230465431585652,1
0.912068116449365,1
0.9129720014400254,1
0.9097232285108481,1
0.7753720267837446,1
0.8141612761237748,1
0.9117785527164174,1
0.7937977228239955,1
0.9352527313676819,1
0.8605903994671289,1
0.9184155385109488,1
0.9012423825755514,1
0.9309830674718473,1
0.9329592289793652,1
0.9282196837246662,1
0.9270361404901839,1
0.9122385124417705,1
0.6325598878725679,1
0.7771752392195409,1
0.8145836574832737,1
0.9154819007744871,1
0.7924644747922687,1
0.9381964087064798,1
0.8642211246133997,1
0.9203934943644352,1
0.9032731945325799,1
0.9343549115934972,1
0.9360273449373493,1
0.930661112273942,1
0.930781555923551,1
0.6545582046368532,1
0.8761667255010375,1
0.9083516249023623,1
0.8096716325604463,1
0.9132603649846728,1
0.7796426736235748,1
0.9385831910954009,1
0.8582286074964334,1
0.9181495057865903,1
0.8992184518529137,1
0.9332378774418505,1
0.9360861512505088,1
0.6286271050634763,1
0.9292794163210485,1
0.7051677026616534,1
0.9290993136307487,1
0.6430632428626099,1
0.8723924223827754,1
0.8957721929851385,1
0.8238832349028731,1
0.8740429050233046,1
0.8534103441048354,1
0.8535333485712355,1
0.8615170187056824,1
0.8722419324790323,1
0.9138272951313259,1
0.8103180053026015,1
0.8447378236698667,1
0.903923902239983,1
0.9105440003667283,1
0.8953576089778795,1
0.8961085805675663,1
0.8240773637289754,1
0.7462820547548963,1
0.8845087325845923,1
0.7637349332488088,1
0.8926826250701587,1
0.9270558553463673,1
0.8336654602696264,1
0.8973182608114046,1
0.871276148600202,1
0.9186472050124194,1
0.9238403648628204,1
0.912869206474806,1
0.9133975811531149,1
0.8474778703989365,1
0.9057934667038714,1
0.8645175535762947,1
0.8947156131512559,1
0.9023526049573194,1
0.886040582371705,1
0.8860322792567229,1
0.8133384478088977,1
0.56521174188548,1
0.8606940417457847,1
0.9049267259905919,1
0.8850957131109355,1
0.885871344044683,1
0.910418394570296,1
0.7765384908715853,1
0.8094258009500941,1
0.9152021058654681,1
0.9395616727223044,1
0.8630077322062102,1
0.9196036272198806,1
0.9009149778514958,1
0.9342600119041524,1
0.937032466730562,1
0.9305842739691224,1
0.7112629697796269,1
0.9306868153989766,1
0.6483173146795672,1
0.8754264813485029,1
0.8979402552169943,1
0.9021073143816145,1
0.7713240880722502,1
0.9334118543985,1
0.8464564153253555,1
0.9082671322108704,1
0.8849201880267806,1
0.928827012551627,1
0.9310060987304339,1
0.9229273814257211,1
0.9218531772834592,1
0.9087259997377026,1
0.7767249324426682,1
0.8148651225871891,1
0.913237853323012,1
0.9370809006585104,1
0.9187016097672291,1
0.9005718172121207,1
0.9320922592746451,1
0.9342565978568561,1
0.6350683829650449,1
0.9283425280110001,1
0.9284952600497076,1
0.8725734800205232,1
0.8414003298391723,1
0.8514459953766628,1
0.8998251396611385,1
0.8227579011827597,1
0.8883095436549306,1
0.8964294917747053,1
0.8789855777409744,1
0.8786835042712368,1
0.6738803273595787,1
0.7668463452831585,1
0.6333251392189352,1
0.8929644934532562,1
0.8998896019037129,1
0.9344231275540217,1
0.9053207290952402,1
0.8804132925859919,1
0.9268015321627736,1
0.9316294026200624,1
0.9208405323811846,1
0.9210550583943361,1
0.9112848366052888,1
0.6368801358888554,1
0.7778305537982998,1
0.8104428408958816,1
0.9155402747078527,1
0.7874390185749216,1
0.9401408675220783,1
0.8657882682184069,1
0.9201812578542026,1
0.901335702788168,1
0.9346687751203353,1
0.9376257971593062,1
0.9313993595599215,1
0.9311049785487244,1
0.8772019547002672,1
0.9036715872455099,1
0.7698062130661057,1
0.8001531029166145,1
0.9096563235360013,1
0.9348220094558459,1
0.8553624100582753,1
0.9134762514456498,1
0.8934517525048435,1
0.929119285170538,1
0.932136628677449,1
0.9249247434488563,1
0.9255641757582356,1
0.6383940524914409,1
0.8686833022519579,1
0.8753622990485913,1
0.8266784176589775,1
0.887281450357111,1
0.7404484687935384,1
0.7676132310255835,1
0.8913671531981036,1
0.7632656189642251,1
0.9266380121275694,1
0.84007147434393,1
0.8976895313239538,1
0.872723976600748,1
0.9192817462893413,1
0.9244537234950252,1
0.9150962993425947,1
0.6883377051242345,1
0.9132270497315925,1
0.8472866761670774,1
0.8873929869992014,1
0.7439082864146189,1
0.7654201409753066,1
0.8947575685184781,1
0.928483769688103,1
0.8991065931532448,1
0.8735022066712358,1
0.9205168426549635,1
0.9254988487776704,1
0.9147854437273292,1
0.9154613342717896,1
0.5779466073813931,1
0.8515956389009425,1
0.8949337761467601,1
0.7567804808571855,1
0.9024572080164492,1
0.9316508200764642,1
0.9065546831701413,1
0.8835166587119814,1
0.9249522059475973,1
0.9286656804155821,1
0.9195849785613558,1
0.9203204499793851,1
0.8583926891309173,1
0.8991171329476726,1
0.6229095124173276,1
0.7630948313007857,1
0.9063247099872366,1
0.9340684009835506,1
0.8516997002802098,1
0.9098521288946118,1
0.8878115729173366,1
0.9274423917794319,1
0.9311958711222317,1
0.9227529655377784,1
0.923212452616058,1
0.8639451593737001,1
0.8875353357230665,1
0.8953540858489808,1
0.7508693037001524,1
0.9292163154798733,1
0.8376528077875492,1
0.9001491151428537,1
0.8745297502102668,1
0.9210825776177062,1
0.9260151821164502,1
0.9155331653532796,1
0.9158441142490699,1
0.8491791474687125,1
0.9043659874697628,1
0.764990109106246,1
0.908592924833883,1
0.7796000113056915,1
0.9384569548952364,1
0.8555209314609181,1
0.9147145415087129,1
0.8929368294437613,1
0.9321295764355076,1
0.9357544621666829,1
0.9277689817496675,1
0.7073699489517731,1
0.9271847116057457,1
0.86714921394939,1
0.8846790386689478,1
0.9072585333392256,1
0.8102645972092989,1
0.9115162244920836,1
0.9364966407890197,1
0.9172048133341966,1
0.8986300134462202,1
0.9315370277524727,1
0.9340538068964095,1
0.6328991467756689,1
0.9275742755042655,1
0.9273014543906617,1
0.8627926069187459,1
0.9150965776060039,1
0.8118752107668582,1
0.8771530432460547,1
0.8466317730659215,1
0.9048343537269407,1
0.9114067490620278,1
0.8967377747878411,1
0.8970380848506002,1
0.8251987059224465,1
0.86451158187877,1
0.874847962622263,1
0.9154926018290419,1
0.878507880707074,1
0.8484874296785313,1
0.9057086970423212,1
0.9119728567459211,1
0.8976732853330001,1
0.8985361540451229,1
0.8965512693582017,1
0.783467726517131,1
0.903741283090346,1
0.7597597761050002,1
0.9328764798931772,1
0.8489240175257897,1
0.9073928843467054,1
0.884582678617054,1
0.9258983533897212,1
0.9307730655293094,1
0.9209741056742973,1
0.7007550095005527,1
0.9217818179274913,1
0.8611896738085726,1
0.8679720234307973,1
0.8989816269360427,1
0.7592657071137184,1
0.7919302085439964,1
0.9055906767207359,1
0.9324918754874987,1
0.8502309943495673,1
0.9096939806305206,1
0.8883270500234595,1
0.9261890039378677,1
0.9297185549847241,1
0.6193210066251855,1
0.9217155278925632,1
0.9222962142608231,1
0.8629294464972295,1
0.884877969419136,1
0.8928730282263605,1
0.9275602904231676,1
0.8342658923525683,1
0.8969765422179575,1
0.8707003902714969,1
0.9193357834648285,1
0.9243508287968611,1
0.913079190887224,1
0.9136789161553258,1
0.8488375720259955,1
0.6676894731937195,0
0.5327688991922508,0
0.5842799046256578,0
0.8163070753588938,0
0.6824225548853694,0
0.726012556875918,0
0.7583989533974872,0
0.6246790318194917,0
0.6516176789105431,0
0.6218405149150902,0
0.7439404824615915,0
0.6470162092671662,0
0.5657367300142273,0
0.5072088941525873,0
0.6145029616471464,0
0.8222304531095032,0
0.6358939873635095,0
0.5723796577176666,0
0.542388323810847,0
0.6608592738031724,0
0.5191964793708282,0
0.7287452808773215,0
0.8072399394075161,0
0.6443159676693059,0
0.8007269739449949,0
0.5907329172556053,0
0.7196122344655107,0
0.6141503083617231,0
0.7064517179737919,0
0.6029155076989264,0
0.6736448375627714,0
0.6729228911781477,0
0.6429501061753639,0
0.5460308810097423,0
0.7593514913292632,0
0.6918897199669584,0
0.6996558435856243,0
0.8307344199192581,0
0.5859540083008226,0
0.6401754074204301,0
0.868504435912032,0
0.5874040733094738,0
0.5963440803833636,0
0.7144883475652116,0
0.5451744155398914,0
0.5740837151210876,0
0.6259990540107387,0
0.6788665161476044,0
0.6206592829363595,0
0.5112784439693068,0
0.6359380031990595,0
0.7913024788227291,0
0.8732066686200655,0
0.8633729592014455,0
0.635100341540029,0
0.7074611979044148,0
0.5745890824579707,0
0.5466277743783108,0
0.6091076981346955,0
0.6191935394526299,0
0.5780789816250913,0
0.863672155110012,0
0.6094753149733351,0
0.7912928696731176,0
0.6086467725102982,0
0.8715796449963714,0
0.6455383067851201,0
0.616432779104713,0
0.5977921801222871,0
0.6127843111592804,0
0.5768407532087059,0
0.657201711708824,0
0.5136281276151469,0
0.7367470819918079,0
0.7075561170840287,0
0.6162242760114587,0
0.6823749298791443,0
0.6505200506713692,0
0.5635109435278609,0
0.7230036790555406,0
0.8445186308453595,0
0.7580650844250703,0
0.7395378193662999,0
0.5097366299242039,0
0.8418951056056108,0
0.6227209826656176,0
0.7280814876436303,0
0.6810289431476686,0
0.6382104514563681,0
0.7455936314506603,0
0.6689628018771268,0
0.6810307607011957,0
0.6238071363086467,0
0.5952569490670262,0
0.6423954749512157,0
0.7032359140961879,0
0.8312866668960592,0
0.8509616331514256,0
0.6471223295869271,0
0.7236517499311782,0
0.7683037661940764,0
0.6570263568038744,0
0.7001785060272632,0
0.688235726268177,0
0.5788069421647023,0
0.5874297184611428,0
0.5799388152905995,0
0.5399672096331374,0
0.6286033353894063,0
0.643426829218699,0
0.6784864810602019,0
0.6374805805662258,0
0.6847829228420691,0
0.6946622583081392,0
0.6697446291171952,0
0.6500981895915148,0
0.6134308162035087,0
0.6993432457052507,0
0.7149861701393843,0
0.6334146636744633,0
0.6049667737554855,0
0.7913101255770845,0
0.6729038727614208,0
0.6872215867754192,0
0.6425318207955355,0
0.739642496702744,0
0.5723188908541432,0
0.5165244038325373,0
0.6013804259317509,0
0.7683393206079598,0
0.799629301297077,0
0.678995698172238,0
0.861423300965714,0
0.7323248402523294,0
0.7742377166159764,0
0.8017166294118244,0
0.5175664495416408,0
0.5446390336292357,0
0.6062656375269561,0
0.7934292427538628,0
0.5731866591551722,0
0.7962981124536147,0
0.5795761832658024,0
0.5633489308604424,0
0.7580398842173328,0
0.6752444157481432,0
0.5484457800650503,0
0.5812924900763777,0
0.650847833495624,0
0.7980835916318055,0
0.8806297772378127,0
0.6369865608735016,0
0.685838270230414,0
0.7071832770975225,0
0.6215989418189631,0
0.6768964825321293,0
0.7726675165856919,0
0.8097760770939321,0
0.7243666032302261,0
0.6495482914477757,0
0.6720943579872023,0
0.537531729045741,0
0.6075928847293229,0
0.6170052405828169,0
0.6426148543156476,0
0.7022889568967026,0
0.7350532647142348,0
0.5968457121852049,0
0.777231451270144,0
0.7894995448681968,0
0.6836042312364256,0
0.5678535436296441,0
0.7099516738257791,0
0.660155633795109,0
0.6636609947067632,0
0.8531082111116978,0
0.6077569853843956,0
0.6481773324018383,0
0.6908831788949577,0
0.6194090536900634,0
0.5275775762311681,0
0.6617725606709428,0
0.6192645928896713,0
0.6197984776691305,0
0.6149898934967637,0
0.6130989336332723,0
0.8674263122078525,0
0.6645458812190208,0
0.5429587515138985,0
0.572770303084364,0
0.6543826113816179,0
0.5744843016783175,0
0.6403175211432084,0
0.8318148824102911,0
0.851301172920474,0
0.6810629712038164,0
0.6338210253212808,0
0.7685124008306629,0
0.7615590431470701,0
0.8572259827098486,0
0.660829085212912,0
0.6391691709141971,0
0.6579142984461636,0
0.5218717818413933,0
0.7505767281433781,0
0.8235551300865139,0
0.7159174733028535,0
0.6993790978892698,0
0.5990900084012237,0
0.5327337834163368,0
0.6501265560875046,0
0.5661016708632579,0
0.7055719057405825,0
0.7880311951451846,0
0.755354913470176,0
0.7913597895808075,0
0.7601890603574647,0
0.6807072119335111,0
0.6233984630847786,0
0.6383742922656834,0
0.6929667484993038,0
0.8428127372915906,0
0.8444174772264328,0
0.5854304393327935,0
0.7244366387992144,0
0.9071459580060915,0
0.7436045909155513,0
0.5201843519249099,0
0.6397363513358904,0
0.7587916100066491,0
0.5404767777420791,0
0.6623083458694593,0
0.5486274889646672,0
0.6193953373671742,0
0.5867859934745856,0
0.5734662927637028,0
0.7063695403831904,0
0.5768879485286957,0
0.6624981507145064,0
0.5754486664251831,0
0.6448395623682261,0
0.6801248919496191,0
0.5559495415715618,0
0.7881775480399605,0
0.84791497267615,0
0.832675261630639,0
0.6114363280072579,0
0.5985180081144688,0
0.5511257415334546,0
0.761416039987092,0
0.6132743331419083,0
0.5933782154400096,0
0.6765821543217354,0
0.6101655942883658,0
0.6378914630909803,0
0.6793677124051085,0
0.8799484187731398,0
0.7122872582660176,0
0.5240110763421965,0
0.5331249137544799,0
0.7583986835907272,0
0.862836735708565,0
0.7370457518447846,0
0.561635002686827,0
0.7160195488721645,0
0.8571462665915897,0
0.7020007362170062,0
0.7882131897277492,0
0.788968215567328,0
0.7259502558373412,0
0.6802909796764425,0
0.651854241228891,0
0.6972516275455042,0
0.5297799767562256,0
0.6582103913577337,0
0.6111825883534543,0
0.634358780494841,0
0.6253632099206986,0
0.6289037864076611,0
0.5561495791127357,0
0.6421461945054758,0
0.643440581590479,0
0.6521918505639016,0
0.7289777199892034,0
0.7609863376875371,0
0.569033291168014,0
0.637363723547198,0
0.7154949871611513,0
0.7858697192967271,0
0.71720188574046,0
0.5652771826941958,0
0.8033756580582407,0
0.6775977445691532,0
0.6434727613783524,0
0.6563646466988902,0
0.6712241056564663,0
0.7108520874827176,0
0.6797976729933599,0
0.648957319697072,0
0.710866027283339,0
0.7047288441523458,0
0.6648162795776561,0
0.6992100460437602,0
0.6417585888248266,0
0.8651462955617615,0
0.6137108797561078,0
0.7610434471345017,0
0.6679603830103019,0
0.596829320705396,0
0.635877124043319,0
0.6149959662946408,0
0.760149866779408,0
0.6058145764977895,0
0.6445512387549522,0
0.8634960298894868,0
0.8980032746839676,0
0.7620739215057302,0
0.5360709249758392,0
0.5775178420223496,0
0.8383108829294947,0
0.661508046868632,0
0.7142224059750687,0
0.8018056886959454,0
0.6441275704156295,0
0.8277314644025986,0
0.7651695917639135,0
0.6619591331080599,0
0.8035611910876407,0
0.6969901365856729,0
0.5578931081567429,0
0.577764063895462,0
0.583458578595379,0
0.8241381146326445,0
0.8729506840337132,0
0.6007943056805894,0
0.6460262850238745,0
0.8526089800971562,0
0.6302190907115374,0
0.5677788016578037,0
0.786365698691525,0
0.6436634082285493,0
0.6583651580084559,0
0.6820692842447442,0
0.6107129502680947,0
0.6192414852598858,0
0.7075519087530078,0
0.6173820170461529,0
0.6300739121337049,0
0.6541491817412242,0
0.6358135487385884,0
0.8067838913798209,0
0.6450043488680252,0
0.6207425455555945,0
0.6770944177582394,0
0.5837254864226883,0
0.6249255819727049,0
0.5776744967504525,0
0.5840294802552263,0
0.5502435279289822,0
0.5883608768317009,0
0.6432298680587171,0
0.6301320799749882,0
0.8641948849851052,0
0.6454562482145842,0
0.5952544161373508,0
0.5571316014987546,0
0.5793141317602954,0
0.5419267719320371,0
0.6310022524547355,0
0.800766336625496,0
0.6191878094476713,0
0.6772521390184951,0
0.5891701733150156,0
0.6076736267827891,0
0.6901531944654751,0
0.6886451158519536,0
0.6754821868484993,0
0.8507721072096613,0
0.5936449326030631,0
0.5742625465932036,0
0.6145408819795067,0
0.678739890921429,0
0.8087005406470031,0
0.768021341240195,0
0.5538655024155021,0
0.8151713757881195,0
0.6580774653971512,0
0.6065017121631543,0
0.5595702706615452,0
0.6547607052740985,0
0.8317725985594052,0
0.8206500062564069,0
0.6358319906247409,0
0.6044342944470866,0
0.5787205666592108,0
0.674110385148249,0
0.6496265180647277,0
0.5531146064624973,0
0.6702145208651402,0
0.6393681166343863,0
0.8363616736737225,0
0.6495713448924328,0
0.7351852046247982,0
0.8556239823511326,0
0.6314992815161508,0
0.6695679213850529,0
0.6503493721854545,0
0.8019451405414908,0
0.6752703486827901,0
0.6669827874575706,0
0.6111983575047035,0
0.6778917616221517,0
0.6200678533359342,0
0.5125568488297038,0
0.7737348387577897,0
0.6646635578041122,0
0.6780873464440321,0
0.5302338137590338,0
0.6456591354210127,0
0.6396081049199746,0
0.685267627048974,0
0.5970427132673471,0
0.5320998516244153,0
0.6717433828619067,0
0.6620203831488298,0
0.6558430726084719,0
0.6552921217600371,0
0.6246055595737581,0
0.6844925064148631,0
0.5597038433715732,0
0.6477026201562971,0
0.6569642244738645,0
0.5234223381323162,0
0.6349448198613068,0
0.8672698153722995,0
0.6420568761396496,0
0.5886170833149642,0
0.7882494819346878,0
0.8504352425384522,0
0.7204602557519935,0
0.692824087784591,0
0.573625561289118,0
0.6381109608349883,0
0.6395702889496337,0
0.7843562258872678,0
0.6238947853140892,0
0.6977055831099933,0
0.5689106134267755,0
0.6075502794901966,0
0.5657092207885296,0
0.7236986546138954,0
0.5826909550569376,0
0.7281816386813464,0
0.6763175644332997,0
0.5943025229703147,0
0.5712667499542203,0
0.6012777157492173,0
0.6871648156041684,0
0.6089647278104251,0
0.6098177828647853,0
0.6306491441859062,0
0.7942068961440287,0
0.6097882746550011,0
0.6840457297764326,0
0.5908055771890777,0
0.8211531678596927,0
0.6697532926990297,0
0.6194389584663101,0
0.6798274220793737,0
0.6626619999734807,0
0.6053405300695052,0
0.6680477748108321,0
0.6263379992188753,0
0.8942849017771546,0
0.634286936691146,0
0.8136543485519682,0
0.6458286473755204,0
0.561828819026808,0
0.6027447164727251,0
0.650208761171579,0
0.6481215676404933,0
0.6062063497370846,0
0.5750819405439506,0
0.667122386244358,0
0.5018754319770858,0
0.5735100509137376,0
0.6690564203413897,0
0.8210578662623347,0
0.6744695852303507,0
0.5389621219666481,0
0.6613085631902094,0
0.7998712573974195,0
0.6215541826954655,0
0.6110866613987935,0
0.7035153433480024,0
0.6695643686381156,0
0.5739564550956185,0
0.7790029346116858,0
0.5049430981527615,0
0.8588277943344695,0
0.6817935015058473,0
0.6027129071592039,0
0.7777730489780196,0
0.5528101618413924,0
0.6801995818022705,0
0.6793809235347283,0
0.7927523145463398,0
0.6582392393059577,0
0.7531530370014662,0
0.7633633728802189,0
0.6325079788874572,0
0.6348978604580154,0
0.6176054193342323,0
0.555829408421585,0
0.6438382631970292,0
0.8602705403670889,0
0.6176739985620882,0
0.5864315908733793,0
0.5943107519888763,0
0.626045942514775,0
0.6439582613325527,0
0.6028714148826846,0
0.6570145652016627,0
0.8366996967282695,0
0.6629796784578554,0
0.4864224803508744,0
0.6723715611033784,0
0.6120882403493894,0
0.6961881677796462,0
0.6803739873938914,0
0.7235568427530122,0
0.5995048262901751,0
0.7825915000008976,0
0.6135832621910664,0
0.801693524907933,0
0.8615948909575023,0
0.599690259524231,0
0.7073925555174387,0
0.6183500602663762,0
0.6708137781498326,0
0.6331004684107193,0
0.768873450972855,0
0.6816182729422006,0
0.5338641424012653,0
0.6258234197300452,0
0.6456387083652796,0
0.5274582856122121,0
0.558486592370646,0
0.5704209980843647,0
0.6378458688907944,0
0.6980497627507407,0
0.5772594254542689,0
0.8474644734684801,0
0.6907730439503266,0
0.6993217648942565,0
0.62316622401347,0
0.6035049257409237,0
0.5848832493784335,0
0.5933535327306834,0
0.5615439900917816,0
0.569988344242995,0
0.863990906790816,0
0.6779972035083811,0
0.6066355556280807,0
0.7646181008965812,0
0.4985190658913792,0
0.6461483185149804,0
0.5434921277485208,0
0.813918306120809,0
0.6585832719661157,0
0.6690699993617968,0
0.8661742178305893,0
0.6006705632342443,0
0.7791630091831665,0
0.6855433652839646,0
0.7099450337643476,0
0.5126945279082626,0
0.6551718666877228,0
0.628138905422721,0
0.5342050094826319,0
0.8389305951149233,0
0.6806509512982136,0
0.8493872287441073,0
0.6345526873279052,0
0.5402426279089706,0
0.6606755198672737,0
0.8361570947304027,0
0.8450711983424812,0
0.7167847558623208,0
0.6078452951547373,0
0.6599764830827621,0
0.616944078357857,0
0.6497770416953894,0
0.5490114833463503,0
0.6022752144508545,0
0.5311588392932528,0
0.6083314561613964,0
0.8944557331287575,0
0.8290356622974248,0
0.7577017251270914,0
0.7235371370601592,0
0.6980350627652169,0
0.6028569166188636,0
0.6335765943108582,0
0.6542185543185576,0
0.7797637812470174,0
0.6801423095504435,0
0.6356747069597626,0
0.6913131498140914,0
0.8255863389023177,0
0.5594006062246532,0
0.571557109654592,0
0.7118440702295848,0
0.6540248124413987,0
0.6584740502324923,0
0.6018431614482532,0
0.8042661010277526,0
0.7383705955925037,0
0.6617552510785445,0
0.6226184323098775,0
0.8350421538664108,0
0.722658839491126,0
0.6600759811150965,0
0.6366256021140762,0
0.6132323701403736,0
0.6702633699762414,0
0.8830288039808505,0
0.6104052050279588,0
0.6296065114847422,0
0.6722877349550472,0
0.5620166652880837,0
0.5958848072648802,0
0.8209314856051191,0
0.6823007683474379,0
0.7875760622541645,0
0.7393345136005812,0
0.6375962009594903,0
0.5817917573240537,0
0.600979468241314,0
0.5810443975470196,0
0.6128065499131418,0
0.7464841422299279,0
0.5191948240962374,0
0.6528081140697503,0
0.5581308287187511,0
0.6031190086031305,0
0.5224108980804366,0
0.5865321934377132,0
0.7095879524252132,0
0.5605153484089385,0
0.6341620078342108,0
0.8427823473625673,0
0.8063251188840015,0
0.6152753908131539,0
0.6762655655652323,0
0.6028591970450926,0
0.6191555671283825,0
0.6895643658369267,0
0.5691310643966363,0
0.7093896944064816,0
0.5817710497338419,0
0.6965925344510481,0
0.594912030610061,0
0.6903310479670368,0
0.6153400250629731,0
0.5582710510676815,0
0.8893191164685927,0
0.6080668903823173,0
0.5546077193056614,0
0.7323480931508088,0
0.8282082453669094,0
0.6004957487232605,0
0.779582261492297,0
0.6998255825918864,0
0.6630216180808761,0
0.6914248802299909,0
0.7007223052439496,0
0.8500156648009909,0
0.6204941540432225,0
0.6946132762130193,0
0.8184452224981772,0
0.6728036915551011,0
0.5538100751471536,0
0.6677350443345892,0
0.6657893571213582,0
0.5180084800516586,0
0.6132576739688796,0
0.866129040840408,0
0.6697742144967158,0
0.6325042460365824,0
0.8508240160116448,0
0.6100171655950491,0
0.5858134054963883,0
0.682554348991327,0
0.6611926690884358,0
0.7663018167684581,0
0.8673924635577989,0
0.8460069537205047,0
0.6442790897833529,0
0.7099293471149584,0
0.5474750906140131,0
0.6182777638860644,0
0.874795982201455,0
0.5794390110423767,0
0.7923549237236205,0
0.6320766109768464,0
0.7719145144125109,0
0.6906230330430524,0
0.8234206531149643,0
0.6781638893634525,0
0.8155289854807536,0
0.7241908985614057,0
0.6218291432479374,0
0.8446801977704458,0
0.8234589345640917,0
0.6569973130558845,0
0.7774022488901418,0
0.7851994519933108,0
0.679876439476483,0
0.6271671854295149,0
0.6862327151682369,0
0.5815446229396528,0
0.5609527383628926,0
0.6677466480287854,0
0.675918707697979,0
0.6321481420445962,0
0.6300435681889204,0
0.6069775129486533,0
0.6983598361753328,0
0.6442380168025931,0
0.653627200904917,0
0.5882307094908125,0
0.6368825946362184,0
0.5636853290642347,0
0.8465421542958242,0
0.5989783939259152,0
0.7249135283923628,0
0.8097477788880568,0
0.5825025482197715,0
0.6744788190215909,0
0.626270038250849,0
0.5119070707356759,0
0.6991291298377079,0
0.8435642353918623,0
0.5577168563209041,0
0.5794427018230655,0
0.6563839357793698,0
0.5813611189519261,0
0.6733793448090245,0
0.7547093827009427,0
0.5783853996506069,0
0.8486233875818613,0
0.821529317957558,0
0.7868517012881552,0
0.6893436855671192,0
0.638442737232294,0
0.55390206336499,0
0.6892349174843057,0
0.5952157815888043,0
0.6643039845768516,0
0.66688858664994,0
0.5813593712257564,0
0.6927676221167045,0
0.6649589308568777,0
0.6394058396737311,0
0.5438001574423922,0
0.6390279773822265,0
0.8566142763013546,0
0.655794444375055,0
0.6936241161813833,0
0.6646097331469066,0
0.824115955724408,0
0.6331997661011256,0
0.7918231476809064,0
0.684718727124536,0
0.6626580483640088,0
0.6850012795579826,0
0.5921334302308977,0
0.6238986662897796,0
0.6207261530028085,0
0.5491912368688329,0
0.7160046369098774,0
0.6889048209373421,0
0.6172488563570682,0
0.597433382056354,0
0.5691339852675656,0
0.6114803616926264,0
0.701801022242674,0
0.7948077866546758,0
0.6674624839144452,0
0.8391483834200495,0
0.5656810668395534,0
0.838705046334882,0
0.7972453202668232,0
0.6846906235694603,0
0.5852426164874867,0
0.6383508010693953,0
0.856820433240775,0
0.6239779557714643,0
0.7055739699244835,0
0.7457092409793514,0
0.5865064507086564,0
0.5660034292561893,0
0.8317136600324561,0
0.6732356575024107,0
0.6518628597916748,0
0.6436757834140212,0
0.5564497360072289,0
0.6024506576683604,0
0.6395429930007009,0
0.6565295325609312,0
0.8477099032957566,0
0.5861288358498253,0
0.6273385487246415,0
0.6857520422355429,0
0.6302042990079919,0
0.6216123729764665,0
0.7240165650819633,0
0.6281989084366179,0
0.7412492335871963,0
0.6498771324591935,0
0.8620400004883076,0
0.5563967157189673,0
0.6740717503211613,0
0.5651690570331581,0
0.5804612724297814,0
0.6427046557069488,0
0.890323823295194,0
0.6201019770890255,0
0.5737982685475741,0
0.6323973706253266,0
0.6409518610624171,0
0.6423819472826737,0
0.6378565168626336,0
0.6964416728892365,0
0.7368107746020758,0
0.6871107295701714,0
0.6691537345487905,0
0.6612044046878599,0
0.6210921507839615,0
0.5600266318668574,0
0.5478437133448291,0
0.5258165020455864,0
0.5253338877685879,0
0.6045819708221125,0
0.6393415096519593,0
0.8532300746041572,0
0.5649269844497968,0
0.6878585711259968,0
0.6627844355144514,0
0.70795990987799,0
0.7343522306645839,0
