3868
4970
6490
7846
2540
1477
6580
9002
4742
965
8526
8793
4534
1740
3513
421
4265
4453
3170
2701
4746
6102
1421
9927
8290
2913
4588
8973
4920
119
4784
9378
3197
6943
9813
4722
7063
7396
2644
3822
4255
709
759
4595
7721
5618
3205
3321
7228
4527
5830
7143
9647
5254
3256
5301
1655
4547
9539
2909
4767
7521
298
5271
7277
4097
9390
154
5953
734
2779
5984
5943
9363
7198
3396
6947
973
1020
2452
670
8040
9547
5267
8672
3963
7190
8060
605
3590
6902
7267
4073
8169
519
604
4168
3972
8613
3409
3793
6835
4288
2322
5326
841
9263
1915
6603
1523
7047
9377
5515
4854
6882
8652
4396
5547
6426
1219
4589
3134
6469
2092
4415
991
9326
6615
6398
2569
215
4217
1899
6244
3643
9022
875
5418
7726
1295
9741
8010
2274
8569
173
4866
5684
1225
1395
6245
6368
7974
6555
1559
1876
5995
8397
7110
1097
3209
4953
7843
6922
9148
2743
2668
2447
5351
8098
5548
4238
8878
2765
92
5109
7971
7934
8532
4022
9892
5846
28
868
5133
8915
5008
8302
7222
7243
6420
5934
5572
2184
2359
2911
4676
6095
5742
1532
6596
2944
5401
6094
5353
330
1613
2597
2989
9572
8115
9403
9818
2819
7851
4963
8026
3623
5352
8680
6558
8295
6565
7181
6744
4118
3013
8851
7513
9194
5969
6623
9740
458
2557
1110
7508
5692
1497
7921
7813
1132
769
2676
6520
9533
8965
8823
8592
4021
3367
521
1343
1996
4434
2824
2445
2130
9618
43
9050
2553
8234
8317
1111
2678
9643
2790
6338
460
4565
1407
2567
3802
9069
142
7811
8721
6218
5509
9696
5000
6774
610
5557
5178
1697
7802
2903
8161
8940
4094
1169
2259
8345
15
1172
4493
2374
3493
4084
9563
6365
6597
558
1048
8367
9173
7167
5274
3518
295
7842
7164
4522
6671
5263
3444
4195
4582
1420
493
6604
4319
4705
2170
5125
1422
2720
1510
3467
1869
3338
2728
1533
8505
1562
1868
4860
9294
2471
9701
2938
446
2967
3378
572
3523
876
942
8092
3270
2258
7845
8858
7046
594
621
2970
9895
5869
3593
5959
3188
5638
3124
3484
348
442
1930
3132
4864
5270
8865
5018
2683
2288
6156
5745
5832
96
7314
2234
488
3465
4842
9722
7892
9944
1001
2968
5451
321
6272
2266
2196
2998
7130
8863
8919
5490
8809
527
9690
2493
5994
7720
1957
3213
2348
2292
843
8826
5673
1320
771
9576
2884
4601
7742
8677
4717
6832
738
44
9677
6955
532
4646
3258
2818
3309
1323
1527
174
60
8517
8482
6948
1516
3278
9000
1019
1057
7148
2220
1705
8473
4540
9723
8934
2501
8598
5940
7488
4057
7413
2795
7905
8917
425
9142
2630
5182
4918
9417
3426
8740
7930
4409
6038
2717
5165
1593
3818
3182
2892
7230
1571
540
8538
93
9570
4023
6110
6447
7233
7084
8320
1459
3027
6659
7114
3648
6127
5623
5726
9598
10
5676
5958
1584
9057
1496
9334
2584
1417
7355
6351
448
9434
1646
2068
7174
6670
5206
6576
6154
8344
9648
3726
2680
7009
5493
9873
8521
3901
3024
7844
3792
6847
8103
193
7062
7694
4596
5897
4344
8868
9703
2226
7819
522
7126
3063
290
7529
4995
9438
34
5570
5167
7362
3778
4488
925
7226
3978
7752
8773
8920
2852
3172
8411
3121
3601
7907
5357
5719
4346
2159
5544
1943
4117
4325
943
928
1129
4065
8020
6347
6009
1149
1392
2407
7308
7013
8403
6146
2799
2365
567
2783
7467
8732
8630
7734
4047
4426
122
6526
4692
9021
9195
6397
9282
2117
9622
1177
8860
9493
9352
1321
117
4422
8651
1672
9209
8052
3119
5469
523
9810
3093
9592
7622
9272
5288
9876
8417
7361
5970
5373
7528
7940
4465
4263
2518
4188
8252
8011
7493
1406
1630
4954
150
2595
6276
8327
6291
7896
2934
3603
3970
2752
6352
5470
7147
3393
597
8876
557
8699
5471
4209
845
6865
6108
4080
5709
6522
443
2264
6669
2769
8678
6022
1684
2427
8419
1030
3294
45
7065
4428
2733
472
9888
6679
9197
1188
5322
4248
2803
363
4149
4192
4273
6342
979
2906
3888
1693
1629
8119
6383
9459
7665
8545
2688
7808
8434
2851
9315
5734
9220
9685
4846
8734
6328
8720
7676
8584
5482
5344
7563
6121
9823
3609
3819
1246
4230
6906
7351
6821
8270
2786
9670
2276
9847
7848
1659
8109
4194
5213
6518
6007
2293
7670
6070
9880
1412
5868
9140
1791
7638
8197
7943
3043
5228
6701
2726
2844
9303
3115
6678
494
5073
5497
2538
8263
9097
7019
1645
653
4901
2785
7188
3345
2801
1147
5153
1509
9442
1170
2900
4320
9204
4478
7673
7753
2444
1823
8709
4146
5070
945
8571
7276
19
4267
987
7922
6805
7651
8288
8034
8493
2740
5807
517
2426
3543
6042
1722
3494
6888
7317
2951
7870
2371
1626
3769
2690
2776
4370
4322
3496
1319
6961
9351
7443
4696
8540
8776
6336
4867
5827
3155
4469
3101
7965
7998
7095
6035
8073
3585
3842
388
2484
3893
6501
439
