0.333681,0.273943,0.280261,0.361599,0.294944,0.301327,-0.028287,0.177388,0.080594,0.185075,0.292731,0.001636,0.234931,0.469956,0.411556,-0.204365,0.301775,0.228618,0.560796,0.307230,0.401667,0.137792,0.177153,0.511911,0.634743
0.296343,0.514415,0.320649,0.078553,0.485635,0.070481,0.577729,0.226533,0.283750,0.035715,0.256756,0.517633,-0.095780,-0.009506,0.316943,-0.153599,0.182775,0.030003,0.342527,-0.111321,0.310810,0.533124,0.110140,0.172493,0.459879
0.728781,0.176919,0.080122,0.324282,0.182290,-0.042603,0.067833,0.326541,0.161687,0.495575,0.221041,0.366922,-0.146000,0.581902,0.113979,0.363348,0.442775,0.202445,0.302939,0.618325,0.276581,0.131072,0.224207,0.177040,0.370292
0.380999,0.295413,0.370342,0.404460,0.442119,0.386722,0.546219,0.174489,0.162880,0.026292,0.069462,0.038791,0.501648,0.435394,0.238490,0.047568,0.229081,-0.018092,0.073647,0.086022,0.226421,0.166143,0.159835,0.361488,0.300419
0.479134,0.219585,0.103490,0.027739,0.381102,0.294415,0.221815,0.341943,0.084388,0.173501,0.012289,0.251306,0.206826,0.347661,0.438676,0.445490,0.151368,0.588003,0.277931,0.216153,0.197514,0.407156,0.300239,0.433245,0.191318
0.125817,0.382511,-0.045808,0.058332,0.175585,0.221910,0.292161,0.303948,0.100485,0.016625,0.119541,0.462687,0.473252,0.099261,0.294055,0.135713,0.260330,-0.041980,0.336936,0.433176,0.068873,0.053530,0.200261,0.185549,0.254155
0.063113,0.414019,-0.115627,0.171774,0.201175,0.454446,0.106787,0.333801,0.431282,0.162440,0.231033,0.145265,0.299772,0.258111,0.169931,0.149197,0.127991,0.654219,0.354316,0.536823,0.588818,0.586302,0.539817,0.263944,0.483896
0.304353,0.467008,0.486691,0.406114,0.273078,0.031588,0.024936,0.408382,0.066319,0.428063,0.090892,0.059333,0.239331,0.503546,0.324760,0.559764,0.227215,0.079529,0.495145,0.156163,0.169803,0.391147,0.351621,0.070859,0.660666
0.350234,0.478040,0.492032,0.030805,0.058178,0.271365,0.014537,0.161604,0.096370,0.583544,-0.086094,-0.097571,0.404469,0.493899,-0.006888,0.114123,0.157940,0.394883,0.524852,0.134900,0.562825,0.296401,0.419610,0.538340,-0.028135
0.228090,-0.124005,0.558840,0.424532,0.284131,0.444465,0.266695,0.380398,0.543769,0.082843,0.185268,0.631588,0.182391,0.661121,0.101308,0.448133,0.435018,0.341137,0.216473,0.304260,0.386875,-0.093791,-0.043383,0.126168,0.146627
0.059226,0.433331,0.405296,0.182042,-0.002611,0.066491,0.470883,0.186607,0.261876,0.513873,0.145479,0.283393,0.394261,0.290374,0.104626,0.277658,0.030263,0.184108,0.414274,0.494986,0.141683,0.224646,0.298534,0.170118,0.294021
0.018586,0.609748,0.092657,0.256526,0.177286,0.510712,-0.023155,0.474068,-0.114051,0.563873,0.402348,0.410668,0.189883,0.558809,-0.089737,0.411765,0.128230,0.181801,0.477361,0.230664,0.491273,0.567463,0.613735,0.439953,0.432722
0.622601,0.008475,-0.153740,0.297023,0.341741,0.317042,0.541827,0.463966,0.444514,0.059456,0.420926,0.415538,0.416493,-0.168099,0.616482,0.173252,0.466805,0.247166,-0.130886,0.438733,0.074177,0.035530,0.211247,0.052185,0.644500
0.433051,0.191869,0.279977,0.417974,0.193371,0.015776,0.508676,0.208301,0.544159,0.262491,0.163974,0.249639,0.249126,0.541949,0.152557,0.498354,0.402510,0.266832,-0.053225,0.085785,0.255869,0.096636,0.103067,-0.060080,0.735490
0.369046,0.344048,0.134194,0.492640,0.092981,0.172015,0.175861,0.508495,0.362327,0.185353,0.450391,0.330488,0.429592,0.190842,0.329452,0.505194,0.291416,0.614818,0.341833,0.102675,0.565369,0.293827,0.308069,0.302299,0.445294
0.194955,-0.002269,-0.060277,0.224663,0.095580,0.210848,-0.157473,0.638689,0.072593,0.119573,0.507993,0.307295,-0.104448,0.258859,0.237189,0.224315,0.216131,-0.064371,0.555738,0.353185,-0.067789,0.162508,0.731717,0.153644,0.127728
0.184020,0.192895,0.357115,0.167801,0.206943,0.451075,0.414706,0.261455,0.168175,0.610133,0.059463,-0.053130,0.337490,0.535665,0.124161,0.426641,0.224559,0.250966,0.462999,0.363487,0.549455,0.351738,0.202444,0.614543,0.399909
0.495723,0.421278,0.002810,0.353163,0.204198,0.368825,0.355709,0.123529,0.476313,-0.020173,0.408033,0.639381,0.099476,0.164132,0.482398,0.038874,0.198826,0.482642,0.146538,0.365217,0.316475,0.267598,0.375481,0.379677,0.289321
0.403961,0.228237,0.285609,0.405487,0.257671,0.101981,0.513816,0.097630,0.536917,-0.019652,0.405479,0.553166,-0.101906,-0.033980,0.182888,0.254678,0.611289,0.253908,0.551425,0.252403,0.444731,0.554332,0.306943,0.352510,0.291034
0.086960,0.052829,0.212925,0.248117,0.179488,0.084611,0.394383,0.095408,0.161350,0.227250,0.085481,0.438679,0.604573,0.142985,0.027090,0.125450,0.594897,0.307882,0.213493,0.445793,0.334315,0.041679,0.409087,0.425677,0.064562
0.411512,0.457575,0.203236,0.193131,0.329154,-0.070222,0.345198,0.367523,0.357840,0.056650,0.522413,0.431008,-0.098538,0.289969,0.584954,-0.093244,0.393585,0.184560,0.409106,0.529335,0.360431,0.239497,0.294299,0.330581,0.368772
0.419387,0.351819,0.179627,0.244733,0.207356,-0.070540,0.411392,0.480907,0.092101,-0.161126,0.261991,0.282643,0.239605,0.371056,0.508457,-0.005487,0.560318,0.496673,0.391412,0.195449,0.224627,0.309163,0.441702,0.605903,0.060002
0.259693,0.397365,0.067787,0.311455,0.433409,0.084381,0.582552,0.432671,0.276235,0.351972,0.479739,0.429640,0.288107,0.088042,0.351754,0.569922,0.586359,0.525401,0.445143,-0.018398,0.443074,0.244422,0.178012,0.599041,0.494372
0.575801,0.134353,0.392935,0.370713,0.237055,0.141329,0.361834,0.224834,0.198930,0.102968,0.525388,0.375953,0.114255,-0.035065,0.365744,0.201284,0.516483,0.265542,0.253295,0.417932,0.399851,0.364188,0.481751,0.351519,0.148571
0.601793,0.035369,0.037647,0.219989,0.360758,0.029845,0.678291,0.573531,0.336430,-0.028803,0.126261,0.431917,0.271925,0.736015,0.127604,0.279908,0.227669,0.065491,0.074044,-0.225873,0.343137,0.465087,0.182142,0.045306,0.417922
